2366 -1
939500541 0
24733261 1
27464227 10
143 100
336 1000
5228 10000
6540 10001
4800 10002
1790 10003
314 10004
662 10005
45 10006
1003 10009
19 1001
49951 10010
7447 10014
61 10015
4031 10016
631 10017
283 10018
11750 10019
552 10020
15962 10021
501 10022
4185 10023
46811 10024
973 10026
6 10028
25 10029
115 1003
6224 10031
5 10032
17041 10033
792 10034
5325 10036
358 1004
1700 10041
69 10042
2416 10043
28354 10044
437925 10045
810 10046
4846 10047
587 10048
70 10049
454 1005
937 10050
1485 10051
1098 10052
203 10054
7105 10055
567 10056
786 10058
145 10059
16 1006
265 10060
700 10061
15 10062
823 10063
299 10064
460 10065
893 10066
2133 10067
1408 10068
602 10069
51 1007
534 10070
5899 10071
368 10073
3097 10074
532 10075
1230 10076
702 10077
425 10078
168 10079
51 1008
37 10080
310 10081
67 10083
874 10084
111 10085
1033 10086
29480 10087
388 10088
949 10089
307 10090
218 10091
2136 10092
338 10093
64 10094
685 10095
1350 10096
1101 10097
184 10098
349 10099
65 101
21 1010
2253 10100
241 10101
1448 10102
2689 10103
6 10104
3696 10105
2346 10106
128 10108
15 1011
55 10110
707 10112
2 10114
1801 10115
3 10116
1736 10118
58 1012
318 10122
487 10123
1918 10124
261 10125
68 10126
344 10127
110 10129
1163 10130
444 10135
1626 10136
1379 10137
287 10139
1954 10140
374 10141
1420 10142
472 10143
5873 10144
321 10145
31341 10146
278 10147
837 10148
205 10149
987 10151
983 10152
4714 10154
424 10155
175 10156
1997 10157
405 10159
4 1016
388 10162
4187 10163
1519 10164
375 10165
401 10166
11925 10167
567 10168
998 10169
3 1017
1843 10170
47 10171
7189 10173
1087 10174
2605 10175
26 10176
414 10177
747 10178
4 1018
895 10180
3871 10182
283 10183
570 10184
50823 10185
597 10186
1548 10187
8622 10188
277 1019
11742 10190
1104 10191
959 10192
604 10193
2514 10194
2480 10196
3949 10197
66 10198
806 10199
128 102
22 1020
202 10200
6423 10201
563 10202
325 10203
11295 10204
333 10205
791 10206
876 10208
275 10209
6 1021
1453 10210
4800 10211
386 10212
232 10213
3119 10214
1631 10215
320 10216
2047 10217
236 10218
678 10219
9 1022
14666 10220
149 10221
2381 10223
98 10224
16897 10225
7 10226
12 1023
805 10230
2633 10231
3279 10232
12397 10233
27 10234
3362 10236
1 10237
11 10238
11 1024
74 10240
66 10241
217 10243
88 10244
398 10245
157 10246
157 10247
127 10248
81 1025
556 10250
67 10251
2367 10252
248 10253
45 10254
256 10255
1840 10256
187 10257
841 10258
634 10259
12 1026
250 10260
1488 10261
71 10262
248 10264
173 10265
159 10266
146 10269
9 1027
342 10271
351 10273
136 10275
409 10276
704 10277
176 10279
74 1028
59 10280
742 10281
1334 10282
929 10284
150 10285
843 10286
23 10287
3059 10288
173 10289
1245 1029
981 10292
482 10296
258 10297
997 10299
32830 103
395 10301
74 10302
9 1031
207 10316
1422 10317
46 10318
1131 10319
3 1032
210 10320
669 10321
1641 10322
375 10323
667 10324
567951 10325
5 10327
3 10328
2 10329
1353 10330
321 10331
19298 10334
63 10340
486 10341
5 10342
4 10343
33771 10344
13819 10345
160513 10346
181030 10347
1199 10348
838 10349
59 10350
115 10351
50 10352
1 10353
13797 10354
6 10355
8935 10356
147 10358
2025 10359
427 1036
294 10360
46 10361
46 10362
8 10366
230 10367
361 10368
158 10369
19 1037
275 10370
101 10371
1754 10372
265 10373
120 10374
223 10375
172 10377
322 10378
20 1038
426 10380
237 10383
1987 10384
74 10385
36 1039
6811 10392
17 10393
30 10394
574 10395
1 10396
177 10397
1005 10398
67 10399
824 104
25 1040
19515 10401
10 10402
625 10403
2498 10404
433 10405
2 10406
12 1041
436 10414
802 10415
30 1042
1596 10421
885 10424
3114 10425
4066 10426
1854 10427
78 10428
978 10429
10 1043
440 10431
1601 10433
291 10434
10453 10435
1188 10436
2115 10437
1135 10439
9 1044
1594 10440
27877 10441
2 10443
2 10444
63 10445
7 10447
4 10448
1 10449
72 1045
1 10454
713 10456
2 1046
2 10461
7 10462
24 1047
64 10471
9 10475
2 10476
11 1048
4 10481
1 10484
959 10485
9823 10486
12953 10487
3376 10488
5358 10489
298 1049
9745 10490
1043 10494
31055 10495
28 10496
194 10497
73 10499
12 105
5444 10500
14529 10501
1536 10502
5591 10503
31786 10504
11 10505
122 10506
16 10507
4 10508
11 10509
1 10512
3 10514
1 10515
7 10516
14 10517
274 1052
4 10520
715 10522
9521 10523
447 10524
27 10525
417 10526
412 10527
3742 10528
936 10529
14 1053
340 10530
761 10531
13 10532
9 10533
2 10537
1 10538
41 10540
3 10541
4 10542
2 10544
13 10547
3 10549
4 10551
1 10552
14 10554
962 10556
4 10557
8 10558
11 10559
1220 1056
1 10563
1 10567
2 10568
6 10571
10 10572
2 10573
11 10574
1 10575
2028 10580
1454 10581
10 10582
49 10583
33 10585
1 10586
208 10587
960 10588
2017 10589
124 10590
1305 10591
24 10592
522 10593
227 10594
14 10595
65 10596
6672 10597
179 106
2827 10600
123 10602
163 10603
117 10605
492 10606
124 10607
1369 10608
2 10609
958 10610
346 10611
2170 10612
335 10614
136 10615
309 10617
77 10618
522 10620
4279 10622
6200 10623
486 10625
184 10626
762 10627
41 10628
308 10629
113 10630
75 10631
1361 10633
2111 10634
5519 10635
95 10636
2401 10638
101 10639
101 1064
165 10640
107 10641
23305 10642
2837 10643
557 10644
250 10645
450 10646
337 10647
1 10648
1024 10649
1346 1065
26 10650
26 10651
20 10652
526 10653
4 10654
489 10655
349 10656
3534 10657
112 10658
887 10659
2077 1066
828 10661
4 10662
653 10663
60 10664
121 10665
15 10666
97 10667
582 10668
9 10669
250 1067
1985 10670
13 10671
485 10672
80 10673
15 10674
207 10676
1362 10677
1276 10678
16146 1068
532 10680
106 10681
25 10682
792 10683
5 10684
641 10689
1 1069
22 10690
3 10691
82 10693
101 10695
724 10697
253 10699
42 107
1698 1070
1253 10700
24461 10702
471 10703
2778 10704
510 10705
21965 10706
5042 10710
3154 10711
1271 10713
3646 10714
767 10715
1499 10716
885 10717
3 10718
1682 1072
989 10720
1175 10721
751 10722
107 10723
194 10724
261 10725
1624 10726
722 10727
1063 10728
1718 10729
680 1073
4447 10733
7116 10734
2934 10736
5313 10737
14074 10738
17 10739
81 1074
356 10741
221 10742
454 10743
1391 10744
3646 10745
1190 10748
977 1075
1183 10750
309 10753
885 10754
5723 10755
1085 10756
555 10757
2229 10758
2301 10759
30 10761
709 10763
724 10764
289 1077
7065 10770
10 10779
28546 1078
77 10780
6317 10781
2043 10782
1178 10783
1301 10784
2 10785
54 10786
42 10787
2413 10789
2172 1079
459 10791
8231 10792
268 10793
317 10794
383881 10795
396 10796
1245 10797
6269 10798
34654 10799
41438 108
15885 1080
40541 10800
605 10801
6478 10803
12236 10807
240 10808
3871 1081
34 10810
51 10811
19438 10812
164 10813
2317 10818
2637682 1082
25927 10820
8456 10821
23 10822
22307 10823
13435 10824
212218 10825
5 10826
2087 10828
2392 1083
612 10831
13311 10832
39194 10833
7484 10834
2709 10835
99792 10836
769 10837
12249 10838
454 1084
28257 10840
2 10841
34 10842
1414 10843
204 10845
3103 10847
56 10848
51 10849
9451 1085
38 10850
20 10851
84 10852
14 10853
56 10854
6 10856
1 10857
14 10858
148 10859
10191 1086
196 10860
207426 10861
1874 10863
21363 10864
112879 10865
2131 10866
118 10867
8340 10868
413 10869
1405 1087
8 10871
1994 10872
13841 10873
147 10874
41 10875
18134 10877
14988 10878
127 10879
11 1088
43 10880
1586 10882
1336 10883
518 10884
643 10885
1083 10886
16864 10887
274 10888
439 10889
98 1089
2416 10891
1850 10892
573 10893
198 10894
1721 10895
1 10896
34 10897
327 10898
18571 10899
71 109
4817 1090
1470 10901
510 10903
1034 10904
9673 10907
404 1091
122653 10910
695 10912
3693 10913
581 10914
5494 10915
1336 10916
218 10917
2848 10918
633 10919
600812 1092
140 10920
92 10922
10 10923
35 10924
41 10926
126 10927
2543 10929
537582 1093
129 10930
822 10931
42 10932
346 10934
566 10938
826 10939
3857 1094
68 10941
18565 10942
186 10943
321 10944
12 10945
3891 10947
36 10948
80175 10949
1334 10950
5389 10951
26905 10952
1023 10953
3717 10954
7327 10956
19356 10957
989 10958
9514 10959
8849 10960
239 10961
8114 10962
1377 10963
8058 10964
164964 10965
68700 10966
187 10967
7126 10968
602 10969
3305 10970
1740 10971
1255 10972
653 10973
3498 10974
151376 10975
17410 10976
74716 10977
104586 10978
70484 10979
32710 10980
599401 10981
14170 10982
201605 10984
1289 10985
17875 10986
112 10987
120002 10988
126 10990
264 10992
140 10996
156314 11
148 110
13164 11000
1028 11001
2281 11002
7281 11003
2176 11004
435 11005
3441 11006
157 11007
3665 11008
24860 11010
33567 11011
101078 11014
8450 11016
33615 11017
2151 11018
2 1102
3378 11020
36 11021
16304 11022
163 11023
949 11024
2377 11025
940 11026
179 11027
2219 11028
1552 11029
7619 1103
4642 11030
1283 11031
9796 11032
4086 11033
4120 11034
459 11035
49050 11036
58 11037
13003 11038
245 1104
1217 11040
20266 11041
70737 11043
14006 11044
452 11045
3675 11047
2850 11048
3518 11049
147010 11050
38158 11051
50 11052
11167 11053
2121 11054
525 11055
652 11056
63284 11058
524 11059
550 11060
53 11061
3171 11062
127611 11063
5917 11065
1015 11066
6200 11067
23 11068
10474 11070
1462 11071
31625 11072
55 11073
277 11075
17 11076
168 11077
53473 11078
508 11079
1495 11082
156 11083
178 11085
7891 11086
277 11087
299 11088
40 11089
12 11090
26 11092
23 11094
20 11096
124 11097
28 11098
46 11099
2281 11101
140 11102
364 11103
9 11104
83 11105
1 11106
10307 11107
2181 11108
49 11109
561 11110
3673 11111
21813 11112
1 11114
193 11115
560 11116
165 11118
353 11119
5806 1112
24 11121
1126 11122
3 11123
4 11124
1795 11125
46 11128
47047 1113
639 11130
31 11132
11 11133
112 11134
1 11137
344 11138
269 11139
12894 1114
4330 11140
17 11141
816 11142
6 11143
374 11144
1 11146
17 11148
43127 1115
710 11150
1491 11151
542 11152
148 11153
1541 11154
242 11155
382 11156
28 11157
1964 11158
448 11159
59467 1116
163 11160
359 11162
2840 11165
35 11167
710 11168
19050 1117
893 11171
702 11172
801 11173
401 11175
18734 11176
3505 11178
442 11179
7742 1118
40 11183
1214 11184
1116 11185
1 11186
100 11187
218 11188
180 11189
61258 1119
3 11190
857 11191
211 11192
4 11193
1163 11194
61 11196
18 11197
163 11198
52652 11199
232 112
8386 1120
4024 11200
60799 11201
9178 11202
67648 11203
44979 11204
6131 11205
273 11206
66047 11207
3609 11208
3562 11209
53000 1121
809 11210
5065 11211
596 11212
18822 11213
2338 11214
1317 11215
27985 11216
6676 11217
63343 11218
243 11219
25077 1122
1259 11220
4713 11221
34611 11222
6734 11223
65606 11224
7867 11225
10593 11226
3040 11227
511 11228
4299 11229
100 1123
298903 11230
13977 11231
5183 11233
19865 11234
13462 11235
2558 11236
1310 11237
42882 11239
5960528 1124
45799 11240
24838 11241
32874 11242
18 11243
157348 11244
18050 11245
17016 11246
6317 11247
899 11248
3799 11249
2041346 1125
26828 11250
1039 11251
306 11252
10509 11253
5010 11254
858 11255
11070042 1126
62584 11262
1838 11263
824 11264
29797 11265
20 11266
456 11267
75 11268
326 11269
6417265 1127
377 11270
1510 11271
1774 11272
6644 11274
96 11277
6326 11278
358 11279
14064734 1128
3732 11280
90 11281
71 11282
236 11283
602 11285
14684 11286
1793 11287
4612 11288
29616 11289
558955 1129
721 11290
73 11292
1257 11294
17816 11295
1797 11296
23021 11298
868 11299
232 113
1428 11300
8499 11301
480 11302
26263 11303
2791 11304
2224 11305
13 11306
603 11307
273 11308
7608 11309
132264 1131
18762 11310
3606 11312
47586 11313
654 11314
1094 11315
3786 11316
34060 11317
36676 11318
10598 11319
476 1132
15149 11320
1831 11321
258 11322
88 11324
11027 11325
13665 11327
1171 11328
69 11329
752 1133
3028 11330
167 11332
358 11333
483 11334
17185 11336
1703 11337
8476 11338
10933 11339
5367 1134
71120 11340
321 11342
17643 11344
52251 11345
942 11346
511 11348
45 11349
768 1135
613 11350
587 11351
12221 11354
38045 11355
1417 11357
695 11362
27 11363
20889 11364
8571 11365
33501 11366
9900 11367
3088 11368
3008 11371
758 11372
572 11373
154 11374
109983 11375
5282 11376
1940 11377
4918 11379
192706 1138
5199 11380
246 11381
756 11382
1100 11383
14 11384
12077 11385
1626 11386
51344 11387
407 11388
73756 11389
7323 11390
1619 11391
466 11392
3290 11394
3682 11395
10546 11396
11113 11397
423 11398
10 11399
1419 114
163034 1140
1554 11400
7902 11403
7169 11406
13316 11407
15445 11408
12665 11409
77870 1141
40636 11410
5033 11411
5581 11412
70 11413
508 11414
2414 11415
65 11417
25 11418
169 11419
13781 1142
2208 11420
19 11421
284 11422
2559 11423
74 11426
23 11427
2 11428
18799 1143
363 11432
10 11433
3454 11434
113 11436
50319 11437
6032 11438
2849 11439
39161 11440
12802 11441
847 11442
1179 11443
41 11444
203 11445
2339 11446
20448 11447
7601 11448
935 11449
976 1145
251 11452
1032 11453
1454 11454
157 11456
20 11458
125775 11459
18087 1146
1 11471
4 11473
6 11474
5 11476
7 11477
4 11479
1360694 1148
1 11483
2 11484
9 11487
20 11488
635488 1149
7 11491
7 11493
50 11496
3319 115
56708 1150
8769 11501
754 11503
764 11505
5 11507
2 11508
197128 1151
5 11511
1 11512
1 11516
5 11518
11 11519
3 1152
16 11520
4 11521
2 11529
666468 1153
6 11530
1 11533
1 11537
1 11538
28 11539
12128 1154
3 11541
3 11542
2 11549
230 1155
24 11551
2 11552
23 11553
18 11554
13 11555
1 11558
9 11559
541793 1156
1 11561
1 11565
1 11566
1 11568
7 11569
9962 1157
2 11570
7 11577
4 11578
3 11579
2400 1159
332 116
87 1160
13 11601
1 11609
329174 1161
1 11610
2 11616
3 11618
1405020 1162
29 11622
1 11623
1 11624
2 11625
1 11626
158740 1163
2832 11636
3002 11637
471 11638
282729 11639
1627 11643
19568 11647
4173 11649
229096 1165
12 11650
109 11651
29 11652
179 11653
598 11654
3598 11655
36 11657
11851 11658
26425 11659
207162 1166
3413 11660
17349 11661
1335 11663
7582 11665
22726 11666
62858 11667
12019 11668
24346 11669
2585 1167
15228 11674
1302 11675
716 11676
568 11677
1297 11678
1634 11679
369 1168
4388 11680
23 11687
253 11689
82 1169
326 11692
1006433 1170
1347 11701
189 11703
964 11707
244 11708
904 11719
2 11725
39 11726
723 11729
7484 1173
6 11732
22290 11739
874 11740
291 11741
6 11742
138 11745
19 11746
33 11748
16 11750
8619 11754
874 11755
415 11758
63 11759
278891 1176
1396 11760
11 11763
4 11764
2 11769
9771 1177
97 11771
182 11772
82 11776
844 11777
44 11778
340 11779
5879 1178
72 11780
60 11781
52 11784
285 11785
84 11786
55 11787
206 11788
565 11789
7693 1179
1 11790
1 11791
412 11792
621 11793
134 11795
101 11796
212 11797
25187 11798
105 11799
136 118
207 11800
11 11801
51 11802
250 11803
46 11805
15 11806
126 11807
161 11808
182654 1181
6 11810
365 11811
273 11812
93 11813
71 11814
68 11815
126 11816
109 11817
284 11818
62 11819
454981 1182
533 11820
243 11821
70 11822
575 11823
5 11825
401 11827
135 11828
286 11829
937 11831
89 11833
34559 11834
121 11836
390 11838
334 11839
118 11840
384 11841
1903 11843
4898 11844
584561 1185
775 11850
6677 11851
436 11852
431 11855
20256 11856
2925 11857
6603 11858
8757 11859
435 1186
25 11861
1825 11862
23310 11868
10170 11869
1972 11870
973 11871
3582 11873
2473 11874
1014 11875
74301 11877
18606 11878
6197 11879
131 1188
11712 11881
1473 11882
1541 11883
181 11884
101 11886
7648 11888
2268 11889
456 11890
431 11892
27616 11893
744 11895
198 11897
54468 11899
2867 119
21159 11901
24113 11902
13253 11903
3 11904
226 11906
429 11908
308 11909
2887 11911
63 11912
280 11913
100 11914
132 11915
15 11916
1319 11917
267 11918
395 11919
38656 1192
91 11920
230 11921
170 11923
9318 11924
43790 11925
293 11927
513 11928
1325 11929
543 11931
381 11938
1187 11939
41890 1194
64 11940
497 11941
186 11942
28 11944
418 11945
4054 11946
6286 11947
5679 11948
1344 1195
258215 11950
3426 11952
613 11954
8554 11955
565 11956
688 11958
36 11959
2020 11960
9312 11961
373703 11962
7481 11963
280 11964
74 11966
391 11969
3113 11970
120 11971
301 11972
964 11973
871 11975
205 11978
35 11979
37508 1198
1 11981
31444 11982
5 11984
356 11986
154 11987
73 11988
34 11989
1670507 1199
44 11991
3125 11992
15309 11993
108 11996
160 11997
36325 12
435033 1200
14 12000
91 12002
151 12005
322 12008
49737 1201
72 12017
19980 12018
10 12021
2076 12022
2378 12023
10728 12027
131 12028
2 12030
37989 12037
371 12038
6166 12039
1080 12040
1883 12041
807 12042
218 12044
33255 12045
128 12046
59 12048
5 12049
1788186 1205
31 12050
5 12051
34 12053
149 12056
22 1206
45857 12060
1319 12061
66540 1207
160 12075
290228 1208
9157 12084
88 12087
91294 12088
228252 1209
1750 12092
326 12093
831 12097
849 12098
26397 121
429 12103
2761 12104
1087 12108
113 12109
45041 12110
2816 12111
726 12113
28 12114
51 12116
1 12117
906 12118
21 1212
5940 12122
470 12125
767 12133
2128 12135
3409 12138
10292 12139
6520 1214
1756 12140
19 12142
388 12145
330 12146
1 12148
37 12149
110408 1215
1 12150
1430 12153
3 12154
4648 12155
4718 12157
70 12158
3 12160
344 12161
1242 12165
1 12166
519 12168
1 12169
4 1217
10 12172
2 12173
16 12175
214 12177
141 12178
508 12179
16 1218
152 12180
115 12181
202 12182
444 12183
344 12184
78 12185
45 12186
28 12187
64 12188
139 12189
15147 12193
11 12194
162 12195
1582 12196
45 12197
231 12198
123 12199
1 122
35835 1220
349 12201
11441 12202
7 12203
2 12204
108 12205
80 12206
81 12207
3 12208
14 12209
827 1221
18492 12215
2803 12216
89 12217
69 12218
786 12219
11429 1222
1302 12220
1880 12224
14 12225
6 12226
61 12228
264 12229
11530 1223
102 12230
3103 12232
3087 12233
122 12238
602 12239
112787 1224
734 12240
989 12241
144 12242
4605 12243
55 12244
88 12250
1700 12251
1643 12253
470 12254
25 12255
15 12257
659 12259
583032 1226
1370 12260
11 12261
4219 12262
2094 12263
178 12264
897 12265
7 12266
360 12267
360 12269
234 12270
565 12272
125 12273
869 12274
1345 12275
148 12276
1224 12277
400 12278
39 12279
59 12280
526 12281
524 12282
25 12283
5 12284
707 12285
14 12286
108 12287
622 12288
302 12289
90 12291
314 12292
12769 12293
1416 12294
3 12295
27 12296
4393 12297
78 12298
32 12299
23 1230
8 12300
4966 12302
40 12303
281 12304
30 12305
3696 12307
205 12308
86 12309
155 12311
21 12315
968 12316
1159 12317
974 12318
415 12319
2315 12320
670 12321
168 12322
3424 12323
3443 12325
2226 12326
843 12327
3981 12328
3077 12329
42 1233
90 12330
335 12332
1975 12333
9385 12335
8 12336
1 12338
17403 12339
86 1234
651 12340
27 12341
57 12342
157 12343
575 12349
40307 1235
14 12350
1 12351
20 12352
8 12353
11 12354
191 12355
1039 12356
12 12358
205 12359
14 1236
6 12360
1 12362
1 12363
3 12366
3 12368
7446 12369
1804 1237
23 12371
1155 12375
3 12379
202340 1238
29 12380
1771 12383
20 12385
405417 12386
907 12388
6 12389
97 12392
284730 12394
13988 12395
1373 12398
127605 12400
20 12403
77 12405
2179 1241
1 12410
14 12411
5 12412
8466 12413
6 12414
20 12415
37 12416
64 12417
7 12418
23 12423
4 12424
55 12425
5 12426
5 12427
11 12429
3 1243
2 12430
1 12431
3 12432
8 12435
6906 1244
2 12440
861 12441
25 12442
16 12444
341756 1245
2 12453
45 12454
4 1246
3 12465
19 12466
68 12470
4047 1248
2 12480
1 12485
1 12491
4 12492
15 12495
38 12497
31 12498
451 125
12 1250
436 12500
77 12501
1083 12502
174 12503
469 12504
25 12505
144 12506
17 12509
1171 12511
674 12512
278 12513
641 12515
858 12519
11734 1252
539 12521
1145 12524
103 12528
715 12529
21 12530
1 12531
2 12533
1 12538
11 12540
1 12541
23 12542
1 12546
7 12548
1 12549
19 1255
5 12550
10 12551
2 12555
364537 1256
4 12560
2297 12561
13 12568
2241230 1257
4 12571
1821 12572
11372 12574
1 12575
59560 12577
4474 12578
1540 12579
458 1258
8 12580
4113 12583
1030 12584
6 12585
1 12587
4 12589
30 1259
1 12590
1 12591
1 12594
1 12599
105 126
19 1260
1 12602
1 12603
11 12604
1 12605
1 12606
1 12609
1 12612
1 12616
2 12618
187 1262
5 12621
3 12623
1 12626
1 12629
98 1263
3 12630
1 12631
1 12632
2 12633
3 12634
6 12635
205 1264
2 12640
2 12643
1593 1265
7 12654
50 1266
18 1267
532 1268
1230 12686
766 12687
6 12688
1301 1269
586 12690
2007 12691
118 12692
26 12693
275 12695
5 12696
47 12697
43 12698
16 12699
4 127
247 1270
521 12701
335 12702
1916 12703
87 12704
9324 12705
492 12706
151 12707
1334 12708
2205874 12709
564 12715
568 12716
70 12725
1 12726
742 12727
328 12737
163 12738
381 12739
5745 1274
6533 12740
14381 12741
6872 12742
14 12743
3 12744
2601 12746
26 12747
328 12748
2935 12749
5980 12750
3343 12751
86 12753
37 1276
13231 12761
2849 12762
35775 12763
22380 12764
67 12765
599729 12767
15786 12768
90750 12771
161 12772
16695 12773
17579 12774
36812 12775
4126 12776
592 12780
2136 12781
963 12782
1648 12783
841 12784
231 12785
187 12787
2 1279
2307 12790
3296 12791
163 12792
2611 12798
135 1280
545 12800
2 12801
116 1281
1979 12813
72 12817
1016 12824
4908 1283
1799 12836
27 12837
852 12840
9 12841
5733 12845
6269 12846
7 12848
188 1285
2424 12853
632 12854
122 12855
53 12856
118 12857
307 12859
45 12860
620 12861
494 12862
309 12863
15131 12864
8651 12865
23331 12866
14865 12867
81 12868
226 12869
171 12870
72 12871
734 12872
208 12874
136 12875
1089 12876
70 12877
4368 12878
2906 12879
358 12880
17999 12881
62 12882
1735 12883
57 12884
382 12886
19 12887
540 12888
1104 12889
3633 12890
160 12891
23081 12892
5559 12893
537 12894
222 12895
16051 12896
1153 12897
402 12898
9 12899
245 129
9294 1290
63 12900
157 12901
1780 12902
23549 12903
179 12905
23 12907
487 12908
1 12909
209 12910
64212 12911
48 12912
1389 12913
307 12914
67 12915
549 12916
597 12918
258 12919
126 12920
3447 12921
486 12922
13126 12923
39987 12924
51019 12925
476 12926
1762 12927
1190 12928
56863 1293
6404 12930
972 12931
4344 12932
123 12934
2165 12935
1875 12936
1142 12937
158802 12938
10723 12939
19 12940
67 12941
1267 12942
19 12943
5990 12944
29 12947
677 12948
26 12949
2268 12950
991 12951
66 12952
427 12953
1 12954
302 12955
327 12957
83 12958
2 12960
4 12961
29 12962
499 12963
1 12964
5356 12965
2962 12966
962 12967
399 12968
1472 12969
4 1297
42 12970
58 12971
573 12972
1041 12973
512 12974
205 12975
1212 12976
1350 12977
262 12978
148 12979
2566 12980
642 12981
1904 12982
9 12983
2400 12984
15 12985
607 12986
88 12987
1132 12989
82 1299
1 12990
709 12992
9212 12996
81 12997
35 12998
185 12999
12148 13
68242 13000
1449 13001
389 13002
141676 13003
1 13006
125 13007
16383 13008
7003 13009
52960 13010
32318 13011
2392 13012
361 13013
1 13014
146 13016
1882 13017
29 13018
555 13019
379 13020
701 13021
501 13022
5608 13023
3462 13024
1831 13025
160 13026
2223 13027
1042 13028
11029 13029
10 1303
18283 13030
24619 13031
25 13034
6007 13035
11 13037
16 1304
429 13040
25 13041
166 13042
24 13043
4 13045
1528 13050
15 13051
105196 13052
4774 13056
1928 13060
43 13062
7 13065
7 13066
3 13068
5 1308
1 1309
3 13090
66 13091
112 13093
4 13095
1 13097
4307 131
173 1312
12 13138
5799 13139
1 13141
1067520 13150
1480 13152
3678 13153
2 1316
2164 13162
62458 13164
1 1317
13 13171
243318 13177
3 13178
40 13179
5 1318
243 13180
472 13181
191490 13184
22 13185
6442 13186
793375 13188
40 1319
3 13194
59 132
13 1320
4 1321
26 1323
127 1328
237 133
1 1332
162 1334
8 1338
67 134
1395 1343
4 1345
38052 1349
279 135
83 1358
349 136
290 1360
80 1363
28705 1364
99013 1366
1397 1367
1533 1368
1683 137
115092 1373
689790 1374
60470 1376
85 1377
2428333 1379
64 138
27073 1380
20 1387
14629 1389
10 139
3 1390
40985 1393
178 1399
1911907 14
5 140
54892 1401
2246429 1402
454430 1404
165830 1407
282754 1409
1017867 1410
1327652 1413
1351363 1414
5998913 1415
715540 1417
18782 1419
361 142
3 1423
28 1430
119130 1431
125 1435
11591 1439
12 144
30733 1440
1999 1442
80274 1443
15878 1444
9372 1445
45 1446
972 1447
69303 1448
355 1449
17 145
97817 1450
75060 1451
164 1453
41870 1456
8500 1458
1079 1459
1388 146
36058 1460
19810 1462
241986 1466
31277 1469
2 147
1208 1470
1616 1478
3 148
4 1480
21554275 1481
275607 1482
3007224 1483
24147748 1484
49318198 1485
45838 1486
527251 1487
29382 1488
317130 1489
6 149
50 1490
97902 1491
2266457 1492
481710 1494
452345 1495
4208338 1496
2055 1497
136696 1498
593823 1499
2698259 15
15 150
4596022 1501
2751480 1503
123907 1505
6480852 1506
13116 1507
253015 1509
78 151
26859 1510
5127 1511
2425558 1512
371525 1513
34338 1516
627694 1517
306493 1518
64 152
1161779 1520
3010394 1522
1420 1523
57899 1524
46770 1525
10861 1526
5420861 1527
13553 1528
3174630 1529
1432 153
10023 1532
583195 1533
1856902 1534
25059707 1535
140193 1536
188655 1537
9 1538
12 154
978827 1540
194167 1542
412830 1543
412 1547
256158 1548
184 155
2306 1550
207 1551
609 1552
263873 1553
1019323 1556
580152 1557
15 156
638 1560
627 1562
110834 1563
1427 1564
185606 1566
10545305 1568
3499 1570
2283600 1574
7 158
6477 1582
1746753 1584
36 1585
23 159
4356 1590
572833 1592
398 1598
205 1599
192503 16
225 160
4616 1601
84128 1603
1 1604
502943 1609
29 161
19332 1610
218 1614
5002 1618
12844 1619
10 162
2 1620
22 1621
468 1622
507 1623
30658 1624
2239 1625
6290 1626
23252 1628
1480 1630
582 1631
6 1633
42 1634
89 1636
51 1637
162 1638
44 1639
19 164
573 1640
9 1643
1 1644
9 1646
34 1647
15 1648
10 1649
19 165
1 1650
3 1651
3 1652
16 1654
12 1657
43 1658
28 1659
8 166
14 1660
1094 1662
20 1667
767023 1668
5 1669
4 167
14 1671
3 1673
435 1676
2 1677
30 168
4 1681
1 1682
9 1683
9 1686
1974493 1687
3968 1688
12299 169
112 1692
3415 1693
192 1695
646 1696
54637 17
56 170
10742 1703
232959 1706
34527 171
22867 1712
199380 1713
44553 1714
7 1715
419014 1716
178117 1717
1501 1718
332 1719
20 1722
5554770 1728
885 1729
401 173
893 1730
1147736 1733
2 1734
439 1735
34867 1737
685386 1738
220400 1739
76 174
2149613 1740
6081 1741
3023 1743
37 1744
462964 1745
952 1746
43 1747
15661 1748
504626 1749
38 175
148804 1750
6 1752
61857 1754
120190 1755
70 1756
777119 1757
900 1758
509387 1759
25 1760
4795 1761
8668 1762
236 1764
771498 1765
444145 1766
7178 1767
155371 1768
192163 1769
2 177
255025 1770
19830 1772
40889 1774
74899 1775
2874802 1779
89154 1780
5290 1783
42 1786
1318 1787
726 1788
13 179
7 1791
387 1792
1579 1793
1628 1796
18855 1797
4 1798
433920 18
7318 1800
323 1801
20057 1803
22806 1805
113 1806
4634 181
460624 1811
2837 1818
66 1824
2369641 1827
2525018 1828
70 1836
2 1837
589740 1838
2 184
10923 1842
777 1849
112 185
1 1856
7769 1859
7 186
321541 1863
348252 1865
73199 1871
6029 1873
969 1874
10289 1875
2476 1876
16314 1877
207 1878
278 1879
2231 1880
133600 1881
3348 1883
68 1884
999 1885
2473 1886
32870 1887
1222 1888
2643 1889
4412 189
23420 1890
31997 1891
19095 1892
1288 1893
2467 1894
164 1895
177 1896
66088 1897
7118 1898
4218 1899
55522 19
8403 1900
33446 1901
2122 1902
11354 1903
13455 1904
16072 1905
68 1906
16230 1907
197 1908
532216 1909
3 191
508 1910
1581 1911
3360 1912
1043 1913
5232 1914
1233 1915
11768 1916
47741 1917
49459 1918
3 192
9088 1920
180034 1921
182 1922
106 1923
7039 1924
526 1925
1525 1926
1754 1927
26783 1928
136671 1929
1 193
35194 1930
25149 1931
791 1932
32853 1933
933 1935
68248 1936
6973 1937
9288 1938
914 1939
13 194
9350 1940
16357 1941
216731 1942
8691 1943
475 1944
3315 1945
25414 1946
940 1947
1649 1948
16056 1949
9134 1950
771 1951
1716 1952
617 1953
2 1955
13069 1956
12585 1957
82882 1959
10 196
2298 1960
102 1961
13 1962
159160 1963
93 1964
1071 1965
4 1966
7175 1967
2429 1968
25 1969
6 197
2694 1970
17525 1971
144908 1972
284 1973
79 1974
138 1975
846 1976
216 1977
7 1978
49 1979
6 198
204 1980
3 1981
69 1982
128 1984
18 1986
22 1987
87 1988
3 1989
5 1990
3 1991
6 1992
19217 1993
114 1994
3 1995
37 1996
144 1997
5 1998
13152 1999
121137 2
11188540 20
4604 200
7 2000
2 2001
7 2002
2 2003
3 2004
6 2005
8347 2006
8352 2007
59 2008
13 2009
8 2010
29 2011
32818 2012
3 2013
14 2014
13291 2016
10 2017
65 2018
1615 202
43 2020
80 2022
30 2023
12 2024
11 2025
121 2026
201 2028
1 2031
9837 2032
239 2033
2312 2034
2279 2035
143 2036
345 2038
13155 2039
47 204
38683 2040
15 2041
937 2042
6222 2043
42610 2044
3102 2045
5422 2046
340 2047
429 2048
149 2049
4 205
74 2050
120 2051
19442 2052
1288 2053
2856 2054
5395 2055
22921 2056
5500 2057
3337 2058
87932 2059
689 2060
11610 2061
1299 2062
5713 2063
64313 2064
31133 2065
4139 2066
17267 2068
6198 2069
522 2070
5789 2071
2308 2072
14 2073
411 2074
7433 2076
3336 2077
27161 2078
569 2079
19 208
460 2080
17906 2082
276 2083
3236 2084
83 2085
312 2086
761 2087
1302 2088
82 2089
70 2090
13468 2091
70876 2094
82 2096
17 2097
17 2098
193 2099
14901 21
2247 210
7 2100
1 2102
18 2104
2 2105
15 2106
42 2107
66 2108
223 2109
4 211
12 2110
10 2111
2 2112
38096 2113
3 2114
16 2115
185 2116
2 2117
16 2118
20 2119
68 212
7 2121
29 2123
18 2124
722 2125
45 2126
34 2127
7 2128
25128 2129
1806 2130
1902 2131
48507 2132
4180 2133
2770 2134
8879 2135
3934 2136
58121 2137
10337 2138
6027 2139
426 214
31785 2140
16971 2142
110 2143
571 2144
5210 2145
148 2146
3284 2147
8825 2148
6451 2149
17 215
5682 2150
18590 2151
3953 2152
1342 2153
282 2154
151 2155
59418 2156
143336 2157
3592 2158
19131 2159
84 216
6381 2160
265 2161
199 2162
25501 2163
22880 2164
415 2166
2629 2167
1319 2168
19 2169
294822 217
2 2170
13 2171
78 2172
7 2175
323 2177
1 2179
4 218
15041 2180
10 2181
11 2182
3 2185
471 2186
300 2187
1983 2189
3 219
2077 2191
10 2192
51 2193
8343 2198
297618 22
23 220
60 2202
1 2205
1478 2208
7 2209
3 221
3 2211
3 2212
21 2213
57 2215
481 2216
1540 2217
2 2219
4 222
9 2223
1 2225
3 2226
280 2227
116 2228
4 2229
7 223
1881 2230
17 2231
8 2235
190 2236
1 2239
17 2240
1 2241
1808 2242
6 2245
12 2247
5 2248
1 2251
15 2252
2 2253
2 2254
7635 2255
1566 2256
531 2257
230 2258
4 226
1 2264
3 2265
4 2267
28 2268
16 227
4 2271
1 2273
3 2276
10 2277
9 2281
2 2282
4 2284
20276 2287
11 2288
1 2289
108 2290
2 2292
3105 2293
79532 2294
1370 2295
1077 2296
2698 2297
1299 2298
293 2299
1031737 23
4 230
146894 2300
26462 2301
952 2302
1930 2303
1400 2304
815 2305
223 2306
961 2307
2874 2308
23 2309
598 2310
604 2311
4081 2312
2346 2313
2427 2314
12 2315
35 2316
28 2317
22 2318
756 2319
1403 2320
6842 2321
12747 2322
121 2323
13 2324
8072 2325
4 2326
427 2328
23540 2329
563 2330
85216 2331
12743 2332
667 2333
38 2334
49725 2335
182507 2336
11669 2337
67556 2338
61493 2339
1 234
11817 2340
14506 2341
285 2342
68 2343
30466 2344
119 2345
148 2346
3223 2347
4310 2348
11892 2349
1011 2350
32179 2351
187 2352
3283 2353
384 2354
14414 2355
1405 2356
890 2357
10630 2358
31 2359
13 236
1658 2360
6699 2362
1006 2363
8614 2364
6701 2365
3207 2366
90 2367
13150 2368
32778 2369
8 237
7861 2370
14 2371
188 2372
2335 2373
487 2374
7671 2375
2964 2376
28687 2377
391 2378
377 2379
68 2380
121 2382
3160 2383
260 2384
1450 2386
55 2387
1141 2388
61 2389
4 239
19 2390
121 2391
593 2392
21 2393
14 2395
34 2396
32 2397
70506 24
3 240
1 2400
22 2401
23973 2403
99 2404
23 2405
33 2406
482 2409
2 241
54 2410
3912 2411
2 2414
34 2415
16 2416
3202 2417
85 2418
28 2419
54 2420
130 2421
29 2422
19215 2423
2059 2424
393 2426
3278 2427
1266 2428
502 2429
81 2433
1041 2435
6 2436
15 2438
910 2439
1019 2440
2073 2442
2147 2443
1828 2444
96 2445
218 2446
120 2447
1003 2448
12023 2449
600 245
2 2450
11029 2451
703 2453
127 2454
2309 2455
1431 2456
3201 2457
69 2458
1 2459
2082 246
1 2460
12 2462
40 2463
1 2464
777 2467
7349 247
22 2470
219 2471
14 2472
84 2474
29 2476
55 2477
24 2478
44 2479
1173 2480
77 2481
109 2482
14 2483
24 2484
85 2485
5 2487
3 2488
9646 2489
3930 2490
210 2491
12086 2492
5712 2493
561 2494
69 2495
830 2496
4788 2497
7520 2498
1060 2499
37583 25
473222 2500
161074 2501
360363 2502
184159 2503
761185 2504
324625 2505
193540 2506
2118615 2509
13 251
493 2510
56874 2512
2114941 2513
218425 2514
5111704 2517
3102073 2521
12118 2522
3343985 2523
3432 2525
12 2529
24832 253
13246 2531
327007 2532
110826 2533
8 2535
53766 254
1831 2540
41437 2541
4683 2543
6425 2544
356 2545
1050 2546
107 2547
327 2548
972 2549
1 255
4156 2552
1634 2553
640 2554
4 2555
290 2556
342 2557
653 2558
1615 2559
1709 2560
835 2561
37 2563
1111 2564
237 2567
4 2569
996 2576
1387 2577
5 2578
336 2580
133941 2581
44811 2582
116987 2583
483321 2584
246899 2586
449710 2587
1149786 2588
580023 2589
12 259
399527 2590
1198103 2591
168064 2592
771109 2593
36720 2594
124235 2595
124519 2596
47819 2598
53881 2599
1497 26
8252 260
164553 2601
25179 2602
38417 2603
141855 2604
512190 2605
193788 2606
57738 2607
213890 2608
26 261
768 2610
133742 2611
210667 2613
722430 2614
1366666 2615
466620 2616
1094717 2617
32187 2618
28472 2619
5 262
7757 2620
231021 2621
1388 2622
11639 2623
36852 2624
858 2625
386508 2626
132756 2627
2415 2628
4495 2629
9 263
30124 2630
9350 2631
54093 2632
50874 2633
82558 2634
6951 2635
7278 2636
84770 2637
28952 2638
653587 2639
10 264
7705 2640
57406 2641
11209 2642
249901 2643
51525 2644
442641 2645
214071 2646
3168 2647
58209 2648
37994 2649
8 265
1502 2650
1173823 2651
38543 2652
364 2653
7814 2654
23389 2655
119943 2656
7615 2657
600636 2658
11131 2659
10 266
3620 2660
42723 2661
27698 2662
1378 2663
10762 2664
4975 2665
200550 2666
3391 2667
9618 2668
48895 2669
512 267
1021 2670
18454 2671
24465 2672
45572 2673
15139 2675
1613871 2676
590585 2677
2148004 2678
6878 2679
15 268
576847 2680
1909 2681
19610 2682
2542963 2683
79105 2684
27410 2685
2519 2686
242348 2687
3585 2688
97135 2689
23 269
53487 2690
163526 2691
294385 2692
46117 2693
663174 2694
102498 2695
386749 2696
247 2697
30500 2698
153983 2699
544543 27
23 270
249069 2700
220187 2701
2100 2702
105455 2703
95818 2704
11196 2705
1699 2706
6632 2707
72210 2708
6936 2709
2 271
12469 2710
10515 2711
10734 2712
1614 2713
1039 2715
2018 2716
2291 2717
545 2718
33 2719
426 2720
293 2721
479 2722
1287 2723
84 2724
39 2725
65 2726
76 2727
67 2728
361 2729
2639 2731
15217 2732
1856 2733
18156 2735
1234 2736
9871 2737
437 2738
2153 2739
6143 274
7279 2740
130096 2741
426 2742
3032 2743
2067 2744
12110 2745
11 2746
270 2748
306 2749
11 275
609 2750
58903 2756
570 2759
2499 276
423 2760
7311 2762
49425 2763
838467 2764
56987 2766
67465 2768
67631 2769
39473 277
15693 2775
1931 2776
2 2777
1 2779
456 278
3 2784
3 2786
1094 279
1 2790
3 2794
1092544 28
1034 280
1 2800
1464 2802
504 2806
18 2808
804 2810
15278 2811
2342 2813
12334 2814
10439 2816
2384 2818
57 2819
542 2820
2277 2822
6786 2824
4597 283
10 2831
8905 2833
4180 2836
112080 2839
1417 284
4321 2840
6213 2841
12439 2842
25999 2843
9851 2844
10852 2845
566982 2846
2015 2847
48189 2848
30404 2849
114477 2850
7735 2851
63076 2852
6235 2853
62165 2854
4445 2855
154 2856
8860 2857
17 2858
62365 2859
37 286
244 2860
11794 2861
12337 2862
2326 2863
637 2864
26721 2865
143 2866
24538 2867
15341 2868
611 2869
3 287
117 2870
123 2871
1817 2872
23820 2873
159 2874
15101 2875
1728 2876
87245 2877
6030 2878
107 2879
34130 2880
10681 2881
2632 2882
1339 2883
1994 2884
14652 2885
729 2886
290 2887
227 2888
24329 2889
1 289
7000 2890
58719 2891
34210 2892
7 2893
147067 2894
466 2895
8824 2896
1793840 2897
8766 2898
230977 2899
590345 29
1399933 2900
64576 2901
302908 2902
74098 2903
263366 2904
19903 2905
3178 2906
2650247 2907
59058 2908
2808 2909
100713 2910
46742 2911
13534 2912
54724 2913
270161 2914
33342 2915
264 2916
2315 2917
97247 2918
76 2919
1 292
2353 2920
3895 2921
219 2923
1010 2925
244 2926
12490 2927
11322 2928
53068 2929
96 2930
43 2931
12491 2933
194793 2934
122867 2935
88 2936
137 2937
5498 2938
7482 2939
2 294
774 2940
9136 2941
1527 2942
24677 2944
3334 2945
11482 2946
278 2947
10778 2948
12495 2949
24 295
13161 2950
9208 2951
423707 2952
773 2953
5298 2954
335 2955
2697 2956
3823 2957
17048 2958
9586 2959
8 296
1061 2960
67406 2961
12087 2962
161 2963
342 2964
1129 2965
6024 2966
182 2967
42343 2968
191020 2969
43 2971
5070 2972
6229 2973
5405 2974
5305 2975
1504 2976
20203 2977
1769 2978
3627 2979
2 298
181715 2980
50788 2981
208 2982
4165 2983
592 2984
1051 2986
190 2987
6 2988
102 2989
19 2990
20901 2991
5 2992
3 2993
124 2994
8755 2995
7330 2996
263 2997
6724 2998
29 2999
1645322 3
1126093 30
5 300
5087 3000
462 3001
6344 3002
136 3003
22654 3004
791 3005
3379 3006
143 3008
77163 3009
16 301
67 3010
12010 3011
4463 3012
20890 3013
5001 3014
267438 3015
64461 3016
944 3017
4808 3018
377 3019
182 3020
10126 3021
584 3022
4753 3023
3461 3025
34693 3027
26421 3028
5770 3029
248733 3030
162 3031
400 3032
925 3033
44 3034
2145 3036
4041 3037
365 3039
938 3040
11806 3041
3229 3042
58614 3043
513 3044
140593 3045
279 3046
1502 3049
101900 3050
465 3051
1813 3052
15947 3053
787 3054
1721 3055
4941 3057
37 3058
3 306
7 3061
4 3063
291 3064
32 3065
151 3066
433 3067
45 3069
7065 3070
638 3071
41 3072
33 3073
331 3074
614 3075
161 3076
16199 3077
711 3078
304 3079
90 3081
643 3082
194 3083
9070 3084
7830 3085
508 3086
2281 3087
175 3090
130 3091
3878 3092
9693 3093
60274 3094
679 3095
7254 3096
236 3097
209 3098
7772 3099
111179 31
159 3100
99 3101
3150 3102
5365 3103
2172 3104
2149 3105
4833 3106
4913 3107
392 3108
339 3109
1 3110
19 3111
337 3112
6 3113
973 3114
104 3115
46 3116
16 3117
29 3118
1 312
187 3120
1081 3121
18 3122
3800 3123
2989 3124
18925 3126
485 3127
2456 3128
3429 3129
94 313
94 3130
927 3131
9929 3132
934 3133
591 3134
298 3135
1568 3136
1323 3138
207 3139
223 3140
111 3141
3543 3142
199 3143
429 3144
8313 3145
1615 3146
1371 3147
1242 3148
809 3149
2926 3150
7812 3151
169623 3152
311 3154
978 3155
96 3156
19736 3157
521 3158
441 3159
235 3160
312 3161
319 3162
619 3163
1806 3164
18411 3165
1022 3166
3455 3168
32 3169
249 3170
15319 3171
55 3172
115 3173
607 3174
1425 3175
1718 3176
448 3177
20162 3179
610 3180
687 3181
54811 3182
45 3183
358 3184
437 3185
593 3187
1 3190
667 3191
156 3192
6463 3193
4589 3194
3269 3195
3903 3196
148 3197
33 3198
633 3199
93184 32
1344 3200
96 3201
517 3203
2085 3204
27 3206
1373 3208
112 3209
2 321
184 3210
48357 3211
820 3212
567 3213
860 3217
154 3218
2611 3219
89 3220
96 3221
7782 3224
21606 3230
41 3236
33741 3237
4648 3238
10675 3239
5084 3240
4017 3242
4121 3243
14642 3244
19286 3245
1385 3246
737 3247
12841 3248
1960 3249
5 325
15792 3251
8554 3252
1880 3253
1387 3254
2762 3255
29593 3256
95522 3257
12123 3258
430 326
4046 3260
2909 3261
10179 3263
3102 3266
3970 3267
1345 3268
1540 3269
121350 3270
1492 3271
4177 3272
186911 3273
14514 3274
1343 3275
2749 3276
130019 3277
90061 3278
1039 3279
30186 328
29123 3280
80130 3281
63147 3282
3452 3283
1212 3284
3243 3286
11169 3287
111531 3288
12734 3289
1726 329
1413 3290
6819 3291
2655 3292
4040 3293
3762 3294
29542 3296
2895 3298
6665 3299
4061242 33
9432 3300
819 3302
4260 3303
62655 3304
1876 3305
24747 3306
7524 3308
4319 3309
56890 331
8067 3311
695 3313
6933 3314
5445 3315
4144 3316
2984 3318
1935 3319
860 332
2418 3320
2286 3321
8280 3322
2225 3323
3283 3325
4858 3326
1515 3327
9207 3328
4123 3329
2167 333
5198 3330
59909 3331
4017 3332
1921 3333
1788 3334
9458 3335
3661 3336
2305 3338
1489 3339
391164 334
3623 3340
1152 3341
2546 3343
2691 3344
4401 3345
5044 3346
1161 3347
3106 3348
44159 3349
115584 335
72809 3350
1845 3351
2724 3352
53690 3353
3102 3354
19448 3355
5362 3356
2100 3357
75607 3358
6932 3359
41423 336
8445 3361
3838 3362
17550 3363
6965 3364
2648 3366
1577 3367
2448 3368
6486 3369
19341 337
5709 3370
2795 3371
592 3372
7870 3373
1289 3374
18356 3375
15156 3376
97058 3377
6932 3379
5139791 338
12887 3380
31334 3381
29410 3382
22574 3385
52275 3386
314266 339
22120 3392
1168 3396
3542 34
225259 340
6018 3401
1328 3402
2253 3404
1737 3406
1823 3407
3830 3408
491 3409
108811 341
1224 3410
231 3411
13 3412
8526 3413
13475 3414
996 3416
9795 3417
8981 3418
2878 3419
929652 342
2082 3421
315 3422
1157 3423
3802 3424
4984 3426
57629 3429
39176 343
3261 3430
8228 3431
77985 3432
1849 3433
8963 3435
224492 3436
22575 3437
2008 3438
1623 3439
542 344
187450 3441
13797 3442
115791 3443
1043 3444
90718 3445
24573 3447
3998 3449
824 345
884 3450
82586 3451
12722 3453
975 3454
32136 3456
41471 346
4695 3461
5066 3462
407 3463
2993 3465
15234 3466
30639 3467
27968 3468
5576 3469
2289038 347
4790 3470
2757 3471
402215 3473
16039 3474
6004 3477
4438 3478
6571 3479
6063 348
21 3481
49 3482
52 3483
588 3484
35 3487
940 3489
1353614 349
1 3490
12 3492
5002 3493
10268 3494
90 3497
8695 3498
270 3499
274 35
274237 350
3 3503
8134 3504
1005174 351
3525 3513
535 3514
1597 3515
120 3516
46 3518
1 3519
8514 352
1 3521
13123 3522
67 3523
20158 353
177 3531
369 3532
2 3533
306 3534
55175 3535
6417 3536
1 3539
516272 354
1108 3540
10541 3541
96 3542
1050 3544
19082 3545
400 3546
337 3547
235 3548
162441 3549
77549 355
47410 3550
8765 3551
10505 3552
668 3553
3 3554
23577 3555
5079 3556
71484 3557
6300 3558
81 3559
1835 356
5152 3560
473 3561
314 3562
8115 3563
115 3564
172 3565
169 3566
4450 3567
112 3568
3304 3569
16600 357
30 3570
1709 3571
14 3572
149 3573
176 3574
304 3575
594 3576
807 3577
30094 3578
21296 3579
233 358
4374 3580
63296 3581
503 3583
61670 3584
14 3588
21556 359
142 3591
280 3592
48 3593
1456 3594
13 3595
2 3596
306 3597
239 3598
54 3599
11229 36
114180 360
14 3600
7 3602
65 3603
100 3604
247 3605
128 3606
464 3609
38 361
664 3610
76 3611
566 3612
11 3613
17 3614
4 3615
97 3616
10 3617
306 3619
5545 362
4160 3620
23989 3621
23970 3622
1144 3623
5491 3624
3408 3625
2949 3626
2719 3627
103 3628
147 3629
1354279 363
396 3632
34 3633
82319 3635
2443 3636
84 3637
5 3638
141 3639
44508 364
888 3641
2020 3642
5287 3644
158011 3645
16113 3646
106932 3647
49250 3648
16 3649
12560 365
701 3650
3255 3651
13381 3652
10019 3653
103 3654
2582 3655
3382 3656
5306 3657
34658 3658
71431 3659
43856 366
7496 3660
2522 3661
31441 3662
7431 3663
3246 3664
30199 3665
14504 3666
152504 3667
1651 3668
595027 367
7632 3670
48385 3671
4907 3672
46 3673
1035 3674
1869 3675
2622 3676
558 3677
194 3678
29 3679
447 368
473 3680
406 3681
84 3682
7917 3683
3296 3684
84 3685
4451 3686
38885 3687
7477 3688
4833 3689
5252 369
11853 3690
3980 3691
145 3692
2068 3693
4943 3694
4356 3695
17925 3696
14643 3698
1477 3699
1254 37
34247 370
33 3700
80 3701
11600 3702
80 3703
2485 3704
16712 3705
4433 3707
11 3708
66 3709
6189 371
9726 3710
7 3712
6 372
122013 373
3505092 374
2 3748
471335 375
124840 376
441283 377
378313 378
2 3780
161540 379
1282 38
53352 380
1653146 381
120 3819
2418 382
170 3820
161 3821
6 3824
2951 3825
30 3827
3 3829
786868 383
61014 384
17303 385
1223 3857
663 3858
1045 3859
34506 386
25 3860
16 3861
5936 3862
5234 3863
3603 3864
35727 3865
7360 3866
3745 3867
2531 3868
12907 3869
27338 387
140 3870
1787 3871
8751 3872
55529 3873
820 3874
40622 3875
4746 3876
31412 3877
142 3878
259 3879
178654 388
214 3880
5962 3881
501 3882
61 3883
1154 3884
66039 3885
42712 3886
79782 3888
1707 3889
3635063 389
3852 3890
64187 3891
2460 3892
949 3893
43822 3894
2756 3895
44727 3896
24348 3897
35380 3898
42886 3899
6 39
34000 390
19202 3900
733 3901
19560 3902
10246 3903
15303 3904
89163 3905
78135 3906
1482 3907
59408 3908
78558 3909
11303934 391
48766 3910
841 3911
33616 3912
2843 3913
78684 3914
55760 3915
230928 3916
188651 3917
1239 3918
38878 3919
2139558 392
5585 3920
3145 3921
1068 3922
1806 3923
3347 3924
2886 3925
9345 3926
39470 3927
5914 3928
76975 3929
20936 393
29870 3930
339156 3931
98629 3932
19903 3933
23799 3934
78447 3935
15905 3936
806 3937
92738 3938
32118 3939
809 394
56593 3940
16901 3941
24984 3942
61794 3943
29313 3944
50676 3945
62741 3946
15 3947
1124 3948
65710 3949
40615 395
1818 3950
4599 3951
114515 3952
1876 3953
599 3954
5052 3955
2164 3956
44255 3957
5743 3958
43371 3959
4607486 396
5213 3960
12225 3961
2886 3962
5629 3964
1150 3965
956 3966
2420 3967
1849 3968
267 3969
7135 397
51638 3970
12965 3971
24365 3972
874 3973
4524 3974
3083 3975
2278 3976
22965 3977
7648 3978
1940 3979
653702 398
1792 3980
5579 3981
19724 3982
18100 3983
53486 3984
79486 3985
542 3986
26249 3987
2469 3988
693 3989
2971738 399
871 3990
9161 3991
3317 3992
1803 3993
450 3994
1743 3995
3746 3996
12379 3997
2694 3998
1283 3999
24003429 4
3627827 400
15397 4000
1434 4001
2352 4002
3236 4003
1577 4004
3744 4005
18969 4006
322 4007
2551 4008
3043 4009
4257951 401
18406 4010
8938 4011
9968 4013
5216 4014
2606 4015
813 4016
1422 4017
5652 4018
5631 4019
3233279 402
1079 4020
1593 4021
8303 4022
733 4024
4305 4025
18917 4026
6842 4027
168 4028
13497 4029
1079649 403
6015 4030
256 4031
5633 4032
3289 4033
749 4037
122 4038
2893 4039
99545 404
990 4041
1478 4042
11617 4043
252 4044
1999 4045
342 4046
4372 4047
41239 4048
310 4049
120572 405
3128 4050
30906 4051
2981 4052
1 4054
655 4055
50 4056
64375 4057
351 4058
392 4059
126852 406
252 4060
1184 4061
2388 4062
255 4063
11235 4064
2925 4065
12559 4066
87949 4067
101880 4068
23323 4069
7198912 407
23 4070
168 4071
282 4072
9669 4073
13200 4074
19784 4076
16375 4077
3097 4078
2696 4079
333873 408
10 4080
459 4081
231 4082
10737 4083
591 4084
6787 4085
5782 4086
469 4087
328 4089
32127 409
583 4090
462 4091
571 4092
10089 4093
7070 4094
220 4095
1925 4096
12762 4097
1734 4098
3326 4099
93 41
651565 410
130545 4100
7256 4101
55597 4102
5432 4103
5129 4104
16075 4105
742 4106
38205 4107
489 4108
140 4109
798202 411
2203 4110
79 4113
2 4114
1644 4115
59 4116
497 4117
108 4118
149 4119
1575332 412
3729 4120
82 4121
1168 4122
50 4123
552 4124
8964 4125
2853 4126
579 4127
5 4128
440 4129
44520 413
1 4130
156539 4131
271 4132
182 4133
1002 4134
2292 4135
9 4136
67532 4137
14040 4138
14335 414
304 4140
51308 4141
3163 4143
3731 4144
2690 4145
195 4147
7 4149
1320538 415
665 4150
117004 4152
601 4153
20 4155
366 4156
128 4157
280414 4159
88285 416
429192 4160
290 4161
50806 4162
1262 4163
166 4164
15718 4165
11385 4166
1289 4167
1307 4168
706195 4169
3349990 417
563 4170
360 4171
541 4173
162 4174
3015 4175
2989 4176
7965 4177
5963 4178
4 4179
296429 418
1732 4181
1480 4184
1746 4185
37 4186
224 4188
26 4189
27000 419
94 4190
1176 4191
103 4192
37 4194
126 4195
3272 4197
25502 4198
21957 4199
314 42
31129 420
35 4200
50 4201
434 4202
23 4204
24813 4205
276 4206
40 4207
1926 4208
73 4209
54601 421
5 4210
668 4211
382 4212
3 4213
422 4214
18278 4215
606 4216
99 4218
160 4219
2968 422
92156 4221
83 4222
262 4224
3669 4225
25 4226
475 4227
749 4228
33749 4229
439638 423
14300 4230
385 4231
19111 4232
1 4234
75 4235
90 4236
112723 4237
92 4238
35 4239
15773 424
140 4240
116 4241
51333 4242
71 4244
1201 4245
4451 4246
113 4247
3424 4249
19459 425
3566 4250
6311 4251
8167 4252
216 4253
31 4254
185613 4256
175 4258
1479 4259
46343 426
109 4260
6103 4261
62 4262
825 4263
921 4264
9887 4265
114 4266
1560 4267
98 4268
332 4269
451791 427
780 4270
95 4271
12 4272
348 4273
230 4274
379 4275
1937 4276
871 4278
3636 4279
296883 428
270 4280
329 4281
29 4282
26 4285
463 4286
3151 4287
418 4288
121447 429
1471 4290
107 4291
14 4292
1239 4293
5490 4294
3176 4296
297 4297
3208 4299
38 43
1588 430
1906 4300
6801 4305
3402 4306
11171 4307
1018 4308
210727 4309
90 431
14724 4310
47 4311
1 4312
951 4315
1408 4316
1112 4317
56 4318
5139 432
293 4320
170048 4321
20 4322
1122 4323
210 4324
565 4325
4 4326
2609 4327
1522 4328
6504 4329
10883 433
15620 4330
3863 4332
853 4333
19 4334
7 4336
919 4337
374 4338
219 4339
370779 434
3 4342
254 4343
84 4345
265 4346
129 4347
2081 4348
194 4349
2263554 435
1327 4350
1222 4351
10215 4352
140 4353
2757 4354
3517 4355
3218 4356
54514 4357
791 4358
684 4359
2863 436
92756 4360
20536 4361
16509 4363
417105 4364
191 4365
5 4366
125 4367
335 4368
64012 4369
42522 437
176 4370
94 4371
105 4373
2608 4374
5 4375
13201 4376
2952 4377
2182 4378
2149 4379
95542 438
41 4380
110 4381
1888 4382
1196 4384
3234 4387
39206 4388
55900 4389
140231 439
910 4390
207 4391
244 4392
176 4393
13287 4394
1235 4395
2755 4396
6315 4397
283 4399
30 44
3629 440
24707 4400
653 4401
14 4402
282 4403
1266 4404
54817 4405
3021 4406
532 4407
667 4408
106 4409
118844 441
1571 4410
459 4411
52 4412
10 4413
251 4414
55 4415
28075 4416
765 4417
25156 4418
80809 4419
3027 442
1982 4420
3260 4421
885 4422
4567 4423
18 4426
11753 4427
11 4428
262323 443
5563 4430
12383 4433
119 4434
60774 4435
43 4437
1 4439
6574 444
795 4440
14 4442
424 4443
1614 4444
747 4445
1580 4446
10328 4447
66784 4448
8255 445
60 4450
343 4452
1304 4453
145 4454
89 4455
15026 4456
5352 4457
614 4458
5262 446
163 4461
826 4462
2468 4463
190 4464
70 4465
1159 4466
79 4468
24447 4469
25248 447
2278 4470
13383 4471
89 4472
1237 4473
5578 4474
5786 4475
1240 4476
4 4477
33732 4478
10092 448
184 4482
30984 4483
6203 4484
855 4485
392 4486
398 4488
1926175 449
1 4490
2 4491
570 4492
669 4493
168 4495
23 4497
920 4498
1713 4499
133 45
185670 450
23 4502
9103 4503
2091 4504
367 4505
2338 4506
16 4508
4082 4509
14 451
2 4510
3646 4511
145 4514
44189 4516
6186 4517
13664 4518
680 4519
90 452
2745 4520
863 4521
46204 4524
77 4525
2016 4527
7348 4528
2124 4529
462409 453
1667 4530
3658 4531
2151 4534
624 4535
1929 4537
10 4538
530 454
282 4540
58 4541
215 4542
4016 4543
78 4544
63 4545
40 4546
6578 4547
1404 4548
836 4549
2429 4550
3959 4551
9635 4553
53220 4554
11583 4555
4188 4556
267013 4557
7546 4558
105 4559
13 456
10857 4560
2283 4561
6605 4562
2 4563
686 4564
63526 4565
1388 4566
9894 4568
566 4569
136514 457
8451 4570
70 4571
147 4572
15 4573
858 4574
121 4575
332 4576
793 4577
821 4578
11506 4579
204939 458
162 4580
7317 4581
2010 4583
1377 4584
2619 4585
31287 4586
914 4587
11458 4588
21701 4589
260355 459
4983 4590
82 4591
947 4592
15802 4593
709 4594
2 4595
275 4596
1890 4597
1052 4598
5268 4599
1688 46
272879 460
890 4600
2861 4602
785 4603
371 4604
211 4605
125 4606
37174 4607
87 4608
806 4609
381428 461
3190 4610
96 4611
23870 4613
53913 4614
18961 4615
16615 4616
65 4618
19084 462
1184 4620
6100 4621
689 4622
946 4623
1660 4625
10874 4626
1596 4627
212759 4629
2707467 463
1385 4631
70410 4632
34 4633
3714 4634
274 4635
47809 4636
2623 4637
2474 4638
14560 4639
197152 464
1105 4640
16487 4641
90 4642
1022 4643
1219 4645
935 4646
5735 4647
665 4649
4558 465
607 4653
86384 4654
8 4655
803 4657
22132 4658
3473 4659
804312 466
1333 4660
3337 4662
1085 4663
37506 4664
3572 4665
27420 4666
5005 4668
81 467
11245 4671
3199 4672
4382 4675
11 4676
50 4678
656987 4679
47 468
7 4681
652 4685
2 4687
1377756 469
2 4693
312 4695
16282 4696
2426 4697
40 4698
11438 4699
3299 47
3389079 470
33052 4700
13 4701
2363 4703
2657 4704
7343 4705
582 4706
13830 4707
4 4708
1260 4709
1491 471
28 4710
260 4711
219 4712
270 4713
178 4715
4 4716
3936 4717
651 4718
978 4719
58944 472
127 4720
162 4723
1 4724
15 4725
4661 4726
40 4727
1 4728
1 4729
9279 473
24 4730
23315 4731
12 4732
22 4733
3 4734
837 4735
1462 4736
1762 4737
3409 4738
84237 474
15241 4740
621 4741
894 4742
2633 4743
2796 4744
5071 4748
605 4749
2141 475
226 4750
286 4751
3296 4752
4381 4753
36 4754
5 4755
625 4756
47 4757
141 4758
27371 4759
2318 476
5031 4760
256 4762
3 4764
343 4767
1663 4768
1144 4769
158 477
675 4771
892 4772
435 4773
98 4774
1583 4775
3725 4776
77 4777
152 4779
954 478
1933 4780
9168 4782
351 4783
25414 4784
31319 4785
7984 4787
21314 479
705 4791
45860 4792
17070 4793
991 4795
58 4796
11745 4799
686 48
155843 480
2 4800
2074 4801
1768 4803
7151 4805
215 4806
13 4807
7063 4808
786 481
6 4811
5 4812
2 4813
12374 4814
7 4815
101 4816
1 4817
37 4818
8 4819
39179 482
4 4820
205 4822
69 4823
103 4824
329 4827
7711 4828
3370 4829
11807270 483
11275 4830
1083 4831
5848 4832
968 4833
20 4834
9 4836
115 4837
67 4838
873409 484
230 4841
3659 4842
47 4843
1311 4845
1519 4846
137 4847
25 4848
1934 485
1761 4851
20 4853
852 4854
32 4856
19 4857
50 4859
69490 486
63 4860
2545 4861
96 4862
184 4863
4157 4864
543646 4865
54541 4866
51652 4867
26203 4868
11794 4869
401286 487
1265 4870
577 4871
1092 4872
31465 4873
11792 4874
50423 4875
24298 4876
526 4877
78 4878
32 4879
30169 488
5438 4880
3479 4882
3132 4883
2593 4884
8697 4885
60564 4886
26473 4887
296 4888
7373 4889
79 489
761 4892
540 4893
4 4894
8 4895
3302 4897
362 4898
48 4899
49 49
748 490
143 4900
287 4901
26001 4902
1214 4903
5817 4905
421968 4907
13805 4908
7721 4909
18711 491
2510 4910
4616 4912
51753 4913
665 4914
2871 4915
75845 4916
88845 4917
26688 4918
1849 4919
98356 492
4879 4920
4651 4921
7605 4922
4224 4923
215 4924
668 4925
185 4926
2072 4927
192 4928
9965 4929
6670 493
14134 4930
3992 4931
7977 4932
7154 4933
450 4934
4031 4935
494 4936
12 4937
637 4938
8233 4939
3869 494
27940 4940
14176 4941
9372 4942
27903 4943
2108 4944
274195 4945
629 4946
223 4947
2168 4948
1071 495
58 4950
2645 4951
34475 4952
83 4954
1166 4955
422 4956
182 4957
7540 496
11 4960
730 4961
45 4962
2489 4963
752 4964
33468 4965
1566 4966
255 4967
22793 4968
683 4969
11223 497
311 4971
95652 4972
379 4973
6000 4974
24 4975
1718 4976
761 4977
561 4979
2060 498
2541 4980
9475 4981
886 4982
3966 4984
27898 4986
205588 4987
66912 4989
5728 499
1775 4992
7991 4994
15524 4995
2546 4996
43 4998
1 4999
23203367 5
2328 500
506 5000
9993 5001
225 5002
23813 5003
40873 5004
3436 5005
11534 5006
5738 5007
1802 5008
8837 5009
47499 501
1842 5010
7168 5011
641 5012
27 5014
17 5015
1 5016
61 5017
2278 5018
11761 5019
972613 502
879 5020
12060 5021
1024 5022
21 5024
179 5026
8 5028
1 5029
78045 503
2440 5031
1193 5032
9 5033
468 5034
97 5035
943 5037
2978 5038
673 504
933 5040
21857 5041
85866 5042
2531 5043
4639 5045
319 5047
311 5048
195 5049
419 505
13345 5050
90865 5051
5285 5052
950 5053
96027 5054
21351 5055
9841 5056
9227 5057
5756 5058
16834 5059
1014 506
418 5060
9966 5062
32229 5063
30 5064
464 5065
13374 5067
2097 5068
1756 5069
899764 507
736 5070
4109 5071
321 5074
55 5075
9906 5076
29 5077
844 5078
2746 5079
196631 508
1996 5080
904 5082
3500 5083
25207 5084
79721 5085
1776 5086
3647 5087
1378 5088
86 5089
28567 509
1478 5090
16 5092
3759 5093
3404 5095
118 5096
711 5097
35133 5098
4406 5099
1666 51
788 510
23 5100
284 5102
23264 5103
732 5104
349 5105
3924 5106
350 5107
34 5108
1348 5109
12721 511
119 5111
174 5112
1038 5113
888 5114
1786 5115
286 5116
2382 5117
1483 5119
7148 512
858 5120
30 5121
518 5123
501 5124
194 5125
84 5126
2400 5127
160 5128
8800 5129
12714 513
612 5130
17 5131
8628 5132
326 5133
921 5134
381 5135
13980 5136
1640 5137
2464 5138
1315 5139
467668 514
147 5140
7 5141
2433 5143
725 5144
558 5145
1047 5146
3041 5147
884 5149
1742 515
2054 5150
2704 5151
112 5154
1677 5155
2959 5156
64 5157
4766 5158
2440 5159
6014 516
8122 5160
2199 5161
19056 5162
32020 5163
821 5165
566 5166
2125 5167
1214 5168
112 5169
7332 517
3245 5170
217 5172
990 5173
2 5174
1042 5175
4482 5176
6149 5177
8342 5178
476 5179
107 518
5519 5180
136 5181
13083 5182
3843 5183
1252 5184
135 5185
252 5186
26965 5187
2221 5188
941 5189
3512571 519
677 5190
1435 5191
25204 5192
705 5193
930 5194
53 5195
27 5196
55 5197
17441 5198
194 5199
25 52
91438 520
51193 5200
131287 5201
79598 5202
832 5203
179 5204
276 5205
19945 5206
407 5207
85670 5208
967 5209
654 521
56773 5210
1131 5211
671 5212
3849 5213
1486 5214
6089 5215
8 5216
8989 5217
1161 5219
97377 522
766 5220
2919 5221
495 5222
2884 5223
227 5224
654 5225
122 5228
515 523
11581 5230
1299 5232
3275 5233
134 5234
1 5236
10883 5237
362 5239
17165 524
1148 5240
846 5241
1124 5242
2345 5243
123 5245
944 5246
959 5248
4949 5249
336276 525
546 5250
2107 5252
130 5253
9 5255
93232 5257
557 5258
100753 526
4335 5260
3852 5261
234 5262
1193 5263
4645 5264
31442 5265
1 5267
949 5268
1892 5269
26119 527
1074 5270
13038 5271
605 5272
6969 5273
1709240 5275
139692 5276
3982 5277
225 5278
6443 5279
151994 528
78 5280
789 5281
918 5282
4949 5283
1892 5284
4544 5285
619 5286
936 5287
7412 5288
3327 5289
18438 529
445 5291
1208 5293
771 5295
291 5296
4749 5297
1113 5298
1087 5299
3552 53
4242 530
1353 5300
4139 5301
2311 5302
3789 5303
177 5304
34286 5306
11890 5307
730 5308
20 5309
75 531
2521 5311
11688 5312
278 5313
2244 5314
4030 5315
2941 5316
1803 5317
1789 5318
2748 5319
2241871 532
1705 5320
3827 5321
756 5323
13107 5324
21361 5325
16341 5326
654 5327
1148 5328
469 5329
246433 533
24 5332
7361 5333
551 5334
538 5336
347 5337
66965 5338
880 5339
18414 534
11090 5340
29848 5341
30 5343
96 5344
574 5345
1272 5346
1964 5347
1101 5348
15170 5349
66491 535
7003 5350
182 5351
37236 5352
827 5354
1955 5355
46603 5356
24302 5357
38318 5358
1661 5359
4792 536
87 5360
70 5361
12996 5362
73751 5363
1 5364
825 5365
5198 5366
2095 5367
281 5368
305 5369
15625 537
43756 5370
53 5371
14249 5372
786 5374
1 5375
1643 5376
161 5377
248 5378
3586 538
2092 5380
21305 5381
4036 5382
37683 5383
9298 5384
14848 5385
15762 5386
7064 5387
4934 5388
10137 5389
91623 539
4211 5390
657 5391
207163 5392
295 5393
25285 5394
245 5395
5349 5397
293 5398
175 5399
4680 54
1859 540
300 5400
1893 5401
2091 5402
10477 5403
9 5404
122 5405
35 5407
3 5408
2562 5409
18226 541
775 5410
8947 5411
558 5412
4156 5413
51 5414
992 5415
1302 5416
25343 5417
425 5418
5090 5419
3028 542
12 5423
1250 5424
158 5425
376 5426
173 5427
4730 5428
3695 5429
10 543
4469 5430
4875 5431
798 5432
646 5433
2626 5434
7349 5435
1032 5436
12454 5437
3729 5438
1010 5439
291394 544
187 5440
892 5443
495 5444
347 5445
4210 5446
81 5447
828 5448
3572 5449
794251 545
359 5450
288 5451
3273 5452
659 5453
2754 5454
1151 5455
3642 5456
1385 5457
690 5458
76 5459
28600 546
43 5461
730 5462
12015 5463
6187 5464
2775 5465
815 5466
5685 5467
659 5468
1778 5469
146184 547
70527 5470
8509 5471
2136 5472
1026 5473
7635 5474
5105 5475
332 5476
2800 5477
3778 5478
561 5479
445814 548
430 5481
7333 5483
816 5484
3659 5486
64 5487
249 5488
2746 5489
263242 549
1293 5490
8132 5491
3797 5492
475 5493
2284 5494
23 5496
568 5497
2200 5498
37 5499
226 55
179 5500
324 5501
246 5502
82 5503
50 5504
65 5505
91 5506
8352 5507
1214 5508
360 5509
12518 551
856 5510
691 5511
695 5512
441 5513
547 5514
11894 5515
3998 5516
1347 5517
1971 5518
2658 5519
16936987 552
2091 5520
6925 5521
9938 5522
618 5523
1346 5524
161 5525
2571 5526
1861 5527
2860 5528
1538 5529
2983247 553
606 5530
2100 5531
154 5532
381 5534
1485 5535
7402 5536
125 5537
595 5538
1548 5539
1180404 554
430 5541
185 5542
193 5543
99 5544
972 5545
879 5546
221 5547
1259 5548
282028 555
805 5550
590 5551
403 5552
796 5553
3359 5554
1002 5555
6576 5556
705 5557
2231 5558
3146 5559
2476975 556
131 5560
742 5561
31618 5562
1742 5564
1085 5565
173 5566
7800 5567
3 5568
3321 5569
4699138 557
3123 5570
1281 5572
5252 5573
11996 5575
887 5576
101 5577
232 5578
2704 5579
5912961 558
1925 5580
240 5581
6000 5582
1557 5583
762 5584
253 5585
5616 5586
509 5588
755 5589
471384 559
222 5590
8902 5591
264 5592
589 5593
5934 5594
41896 5595
15096 5596
1453 5597
9793 5598
7427 5599
403 56
786013 560
25025 5600
386 5601
173 5603
540 5605
1593 5606
180 5607
19529 5608
72 5609
43364 561
168 5611
9230 5613
21 5615
3269 5616
296 5618
41787 562
10476 5620
1583 5621
198 5622
642 5623
185 5624
29809 5626
1088 5628
12587 5629
172217 563
26657 5630
1973 5631
20019 5632
2603 5633
4433 5634
746 5635
6111 5636
115 5637
9578 5638
5614 5639
160504 564
3213 5640
115 5641
315 5642
546 5643
2049 5644
191644 5645
898 5646
1108 5647
690 5648
7799 565
122 5650
169 5651
3800 5653
343 5654
990 5655
611 5656
304 5657
480 5659
208813 566
4410 5660
2567 5661
3769 5662
52 5663
1631 5664
717 5665
4534 5666
1795 5667
4 5668
411 5669
2787011 567
18797 5670
333 5671
2516 5672
150 5673
2033 5674
16374 5675
527 5677
714 5679
28109 568
197 5680
2156 5681
4328 5682
1103 5683
635 5684
2616 5685
519 5686
2801 5687
829 5688
189 5689
3838230 569
16 5690
3698 5691
13148 5693
3134 5694
1573 5695
19298 5697
74 5698
7770 5699
5928 57
865668 570
257 5700
8925 5701
135 5702
1574 5704
230 5705
1021 5706
2890 5707
1787 5708
2252 5709
56210 571
70359 5710
391 5712
665 5713
4064 5714
1208 5715
217 5717
10383 5718
157 5719
545818 572
721 5720
186 5721
5042 5722
8374 5723
1391 5724
10682 5725
1682 5726
403 5727
1102 5728
1274 5729
10488 573
231 5730
116 5731
1247 5732
1009 5733
582 5734
231 5735
80 5736
283 5737
2767 5738
11922 5739
180151 574
12134 5740
32840 5742
138 5743
80 5744
2551 5746
249 5747
2251 5748
50 5749
119864 575
744 5750
55967 5751
852 5752
429 5753
31 5754
252 5756
629 5757
80 5758
30773 576
507 5760
2810 5761
52 5762
1161 5763
109 5764
247 5765
78 5766
143 5767
3483 5768
51 5769
186290 577
417 5770
81 5771
119 5772
22 5773
12491 5774
2164 5775
908 5776
1724 5779
2131 578
119 5780
3507 5783
4051 5784
42836 5785
47923 5786
4192 5787
22324 5788
1564 5789
4592 579
285 5790
799 5792
87 5793
1246 5795
611 5796
316 5797
2404 5798
886 5799
52 58
265610 580
1215 5800
59 5801
2289 5804
699 5806
1042 5807
3139 5808
110 5809
756175 581
190 5810
1979 5811
8469 5812
1471 5813
5761 5814
35084 5815
4005 5816
958 5817
1734 5819
3284 582
4104 5820
42881 5821
4724 5823
61 5824
11208 5825
48891 5826
378 5827
442 5828
1611 5829
282897 583
3315 5830
900 5831
706 5832
575 5833
22435 5834
2712 5835
820 5837
56 5838
2376 5839
864295 584
80 5840
4126 5841
4650 5842
634 5843
341 5844
71 5845
395 5846
1558 5848
3732456 585
1005 5850
1200 5851
123 5852
240 5853
594 5854
963 5855
2577 5857
3209 5858
847 586
1317 5860
334 5861
26761 5862
1574 5863
1024 5865
2961 5866
401 5867
1433 5869
9929 587
1547 5870
231 5871
1459 5872
322 5874
727 5875
538 5876
610 5877
84 5878
1446 5879
696753 588
46 5880
6331 5881
141 5882
4138 5886
2691 5887
573 5888
413 5889
173222 589
3728 5891
9 5892
969 5893
7148 5894
91 5896
2716 5897
9939 5898
96 5899
65 59
32814 590
14696 5900
33 5901
8997 5902
57 5904
11650 5907
653 5908
51863 5909
27774 591
3672 5910
839 5911
570 5912
76990 5913
471386 5914
1312 5916
4270 5917
8354 5918
681 5919
82681 592
1508 5920
36 5921
295209 5922
379435 5923
12253 5924
11998 5925
1873 5926
2844 5927
3644 5928
3267 5929
1529937 593
779 5931
19552 5932
3187 5933
1724 5934
961 5935
56309 5936
1341 5937
18723 5938
1334 5939
2026490 594
8083 5940
746 5941
3953 5942
905 5943
154 5944
592 5945
4533 5946
640 5947
15291 5948
3974 5949
78684 595
832 5950
26 5951
98 5952
87 5953
68 5954
323 5955
601 5956
82 5957
286 5958
273 5959
13695 596
1594 5960
3894 5961
393 5963
869 5964
841 5965
1911 5966
833 5967
925 5968
165 5969
63632 597
809 5970
1868 5971
191651 5973
877 5974
693 5975
3653 5976
478 5977
2728 5979
21597 598
2693 5980
873 5981
157 5982
12181 5983
4093 5984
392 5985
18042 5986
307 5987
153 5988
70252 599
2248 5990
129 5991
442 5992
490 5993
1344 5994
812 5995
4017 5996
24 5998
735 5999
34801191 6
43734 60
847867 600
269 6000
725 6001
1302 6002
931 6004
125 6005
38693 6006
724 6008
188795 601
27920 6011
9567 6013
109 6015
939 6016
272 6018
143 602
21 6020
174 6021
161 6022
233 6024
5611 6028
12 6029
7259 603
532 6030
252 6031
33 6036
5711 6037
21819 6038
21101 604
11 6040
3194 6041
30 6042
83 6044
68 6045
5 6047
276 6048
45700 605
94 6051
14 6052
3458 6053
6718 6054
179 6055
1082 6059
20850 606
13139 6060
1776 6062
133 6063
112 6069
310042 607
116 6075
4677 6077
19847 6078
567 6079
131472 608
39 6080
46 6082
40 6083
1722 6084
39 6085
5 6086
4103 6087
234 6088
43 6089
857878 609
1228 6090
20 6091
95 6093
1251 6094
425 6095
478 6096
27 6097
569 6098
57 6099
176 61
1069586 610
20180 6100
59 6101
91885 6102
91 6103
1036 6104
1092 6105
431 6107
3443 6108
11141 6109
12486 611
740 6110
2 6111
6474 6113
58 6114
994 6115
19 6116
45 6117
44 6118
2842 6119
55937 612
4 6120
593 6121
114 6122
203 6123
854 6124
409 6125
6422 6126
738 6127
2511 6128
301 6129
237 613
586 6130
1119 6131
48 6132
4269 6133
1117 6134
7420 6136
2955 6138
169 6139
8842 614
163 6141
3745 6142
361 6143
41589 6144
14716 6145
2199 6146
5006 6148
393 6149
2662 615
404 6153
4345 6154
2104 6155
179 6156
3 6157
170 6158
57 6159
75766 616
9859 6160
8430 6162
2401 6163
3507 6164
432 6165
151 6167
3 6168
541 6169
939 617
43706 6170
153 6172
31 6176
31664 6178
7557 6179
205216 618
2483 6180
3798 6181
11547 6182
3 6183
63 6185
653 6186
867 6189
3038 619
5273 6190
19116 6191
19 6192
15301 6193
426 6194
845 6195
142 6196
19 6197
39755 6198
14552 6199
977 62
51137 620
449 6200
17210 6202
1719 6203
458 6204
155 6205
313 6206
602 6207
474 6208
5297388 621
16118 6210
152 6211
48 6212
39692 6213
43747 6216
86 6217
880 6218
59 6219
2443056 622
11 6220
762 6222
84 6223
351 6224
333 6225
4432 6226
93 6227
2999 6228
11701 6229
2801345 623
92 6230
2557 6231
88 6232
27 6233
1536 6234
5341 6235
22283 6237
2324 6238
921 6239
31346 624
3740 6240
496 6241
417 6242
440 6243
1079 6244
7367 6245
2741 6246
122 6247
339 6248
211 6249
51060 625
603 6250
245 6251
1192 6252
453 6253
384 6254
19 6255
1998 6257
8526 6258
626 6259
4898755 626
1540 6260
1973 6261
3703 6262
63 6263
200 6264
4843 6265
799 6266
155 6267
102119 6268
3658 6269
1338 627
432 6270
791 6271
749 6273
218 6274
1865 6275
3622 6276
1125 6278
6629 628
160 6280
424 6281
141 6282
499 6283
983 6284
16778 6287
1234 6288
7851883 629
237 6290
23829 6291
318 6292
571 6293
66 6294
811 6295
193463 6296
209 6297
276 6299
13927 63
35645 630
791 6300
18 6301
108 6302
869 6304
473 6305
3648 6307
49918 6308
17 6309
128 6310
300 6311
16 6312
18359 6313
997 6314
1548 6315
103 6316
14 6317
995 6318
40 6319
521838 632
517 6321
1098 6323
2563 6324
927 6325
2129 6326
3791 6327
134 6328
916 6329
233255 633
9161 6330
2394 6331
10685 6333
688 6335
8193 6336
17137 6337
16979 6338
34209 6339
402183 634
79808 6340
963 6341
3735 6342
853 6344
8158 6345
1564 6346
1668 6347
1457 6348
3533 6349
307036 635
51489 6350
80545 6351
700 6352
535 6354
84853 6355
18536 6356
138 6357
27673 6359
17521 636
71 6360
1136 6363
978 6364
9567 6365
196710 6366
223733 6368
3446 637
3573 6370
669 6372
99900 6373
1217 6374
38883 6376
254 6377
5084 6378
472 6379
3882 638
18555 6380
46037 6381
19999 6383
443 6384
204 6385
4396 6388
6275 6389
153 639
25777 6390
11174 6391
3847 6394
5642 6395
2361 6396
3435 6397
3965 6398
3528 6399
9624 64
1898 640
29988 6400
13009 6401
73863 6402
5012 6403
9413 6405
4246 6406
15631 6407
28914 6408
8310 6409
529 641
9947 6410
563228 6411
59280 6414
53475 6415
31654 6416
68177 6418
42 642
134455 6420
197627 6421
646077 6422
1451 6423
24424 6424
20400 6425
569 6426
89 6427
20916 6428
966 6429
492 643
23537 6430
1173 6431
25752 6432
1525 6433
5197 6434
34868 6435
2071 6438
1512 644
90 6440
37539 6442
112669 6443
78 6444
30810 6445
97489 6446
1009 6447
14269 6448
114783 6449
94 645
2458 6450
7179 6451
334511 6452
3310 6453
189546 6454
24430 6455
7265 6456
20373 6457
32189 6458
6530 6459
7176 646
2052 6460
1963 6461
10778 6462
12110 6463
165275 6464
13362 6465
2476 6466
111153 6469
50 647
11192 6470
1376 6471
51834 6472
18704 6473
7851 6474
894 6475
4203 6477
14325 6478
15472 6479
125328 648
292118 6480
9377 6481
23360 6482
57305 6483
5208 6484
13608 6485
117930 6486
154297 6487
694 6488
1356 6489
3783 649
756 6490
7811 6491
2181 6492
47683 6493
4 6494
8674 6495
3069 6496
28156 6498
614 65
2936 650
8458 6500
9194 6501
1968 6503
12666 6504
11901 6506
4897 6507
23488 6508
180035 6509
87648 651
41653 6510
10125 6511
17684 6513
4950 6515
3551 6516
42452 6517
31549 6518
6573 6519
931 652
968 6520
11890 6522
28816 6523
74458 6524
21264 6525
10051 6526
275 6527
17384 6529
7667 653
40847 6530
2653 6531
42789 6532
2613 6533
22535 6534
75933 6535
155995 6536
52166 6537
6543 6538
2589 6539
11 654
5 6540
20981 6541
1954 6542
8895 6543
3781 6544
475 6545
523 6546
266 6547
25 6548
2357 6549
2948 655
360716 6550
476607 6551
84304 6552
8393 6553
55662 6554
59174 6555
29340 6556
12141 6557
17739 6558
20750 6559
9750 656
426673 6560
409 6561
11843 6562
1717 6563
25160 6564
382 6565
95 6566
2831 6567
78 6568
409 6569
41 6570
5632 6571
99 6573
254 6575
281 6576
370494 6577
342441 6578
3027 658
19552 6581
118 6582
147810 6583
33831 6584
1603 6585
39394 6586
7717 6587
135542 6588
53878 6589
5261 659
220 6590
1863 6591
3251 6592
3964 6593
17645 6594
24210 6595
157 6596
2270 6597
2026 6598
210 6599
476 66
189 6600
202460 6601
510 6602
10681 6603
330 6604
2872 6605
3048 6606
363 6607
4715 6608
282 6609
30352 6610
3066 6611
9436 6612
226831 6613
4886 6614
109383 6615
1471 6616
117944 6618
19467 6619
532 662
1380 6620
6285 6621
2060 6622
64138 6623
3569 6625
359 6626
101 6629
1069 663
131 6631
1459 6632
57 6633
72 6634
316 6635
585 6636
36 6638
845 6639
47890 664
538 6640
140 6641
4526 6642
11 6643
2568 6644
1157 6645
4326 6647
1629 6648
14799 6649
44336 665
67 6650
13589 6651
1433 6653
241 6654
20 6655
151 6656
542 6658
104342 666
15165 6660
47 6661
9889 6662
236 6663
43 6665
72 6666
25 6667
677 6668
3200 6669
43020 667
6156 6670
3048 6671
3936 6672
21603 6673
434 6674
2290 6675
8 6677
468 6678
30967 6679
2758 668
16892 6680
4641 6681
5348 6682
559 6683
275 6684
299 6685
5538 6686
2623 6687
61 6689
1890 669
3003 6690
298 6691
507 6692
5182 6693
313 6694
632 6695
4461 6696
3648 67
2318 670
485 6700
9365 6701
6194 6702
2470 6703
566 6704
2652 6705
1120 6706
262 6707
720 6708
657 6709
6499 671
806 6710
572 6711
1837 6712
14 6713
14 6714
943 6715
190 6716
1135 6717
753 6718
3813 6719
1844 672
3550 6720
12512 6721
565 6722
324 6723
152 6724
2177 6725
4255 6726
3 6727
938 6728
4 6729
1293 673
3062 6731
9 6733
31 6735
322 6736
75 6737
16 6738
226 6739
1879 674
1017 6740
33 6741
1047 6743
1217 6744
4095 6745
27383 6746
2655 6747
174 6748
32554 6749
7065 675
415 6750
291 6751
1443 6752
1156 6755
1077 6756
67 6757
15 6758
16948 6759
376 676
2021 6760
772 6762
936 6763
103 6766
538 6768
1577 677
635 6770
1728 6771
1381 6773
621 6774
25 6775
3146 6776
37743 6778
269 6779
486889 678
978 6780
2230 6781
2183 6782
9775 6783
551 6784
3 6785
1921 6786
1204 6787
1154 6789
185309 679
1214 6790
495 6791
1131 6792
646 6793
174 6794
694 6795
1283 6796
165 6798
979 6799
316752 68
5419 680
1125 6800
119 6801
2 6802
3050 6803
300 6804
14957 6805
2 6806
116 6807
317 6808
5569 6809
9760 6810
5278 6811
40 6812
519 6814
2653 6815
690 6816
571 6817
276 6819
30461 682
47087 6820
10 6821
2196 6822
98 6823
640 6824
4864 6825
1347 6826
317 6827
11 6829
252906 683
24 6832
6 6833
15227 6837
364 6838
611 6839
181096 684
1002 6842
494 6843
533 6844
1577 685
15 6850
4497 6852
241 6853
1142 6854
47285 6855
36256 6856
11945 6857
84 6858
363 686
1188 6862
438 6863
7 6864
762 6866
4117 6868
1669 6869
3142159 687
222 6872
627 6873
10475 6875
162 6876
79 6877
23797 6878
12686 6879
614882 688
32 6880
89 6881
2642 6882
11 6883
74 6885
136 6887
493 6888
108839 6889
2159891 689
690347 6890
16906 6891
796 6892
2 6895
785 6896
394 6898
178 69
18575 690
3 6900
155 6901
1173 6902
774 6903
4433 6904
442 6905
17276 6906
26764 6907
9 6908
197 6909
48621 691
71 6913
3772 6914
2264 6916
99 6917
172088 692
274 6920
73 6923
3185 6925
2 6926
845 6928
74 6929
308498 693
52 6930
291 6932
2035 6935
7536 6936
83 6938
256235 694
1129 6942
584 6943
3263 6944
819 6945
511 6946
759 6947
959 6948
1046 6949
7155 695
4881 6950
29021 6951
563165 6954
9375 6955
3988 6956
147340 6957
1347 6958
166351 696
13143 6960
3048 6961
12748 6963
14687 6964
6201 6965
3 6966
15777 6967
929 6968
2848 697
2484 6970
510 6971
874 6972
12 6974
2359 6975
21 6976
47 6977
8153 6978
1647 6979
635 698
65 6980
3613 6981
1647 6982
69 6983
24 6984
35 6985
8 6986
295 6987
741 6988
4 6989
2423 699
7 6990
3632 6996
17 6997
4520 6998
1083 6999
49683057 7
41 70
266349 700
11296 7006
15894 7007
27 7008
78 701
36941 7012
50028 7013
783 7015
2640 7016
25616 7018
11522 7019
256300 702
4302 7020
8711 7021
5256 7023
601 7024
605 7025
38 7026
506 7027
67 7028
8268 703
13 7031
208 7032
20 7033
4413 7034
24 7035
3496 7036
7 7037
1381 7038
136 7039
1256 704
724 7040
7462 7041
24 7044
40 7047
1408 7049
674 705
3399 7052
172 7053
3481 7054
317 7056
3191 7057
206260 7058
761342 7059
4773 7060
6929 7061
3094 7062
24586 7063
3185 7065
16666 7066
1550 7068
10436 707
1401 7070
61 7071
204 7073
97 7074
1320 7075
113 7076
1537 7077
25458 7078
3058 7079
433 7081
2 7082
107 7083
2446 7084
1617 7085
2428 7086
10 7087
165951 7088
159024 7089
16672 709
3220 7090
87 7091
161 7092
59 7093
55421 7094
1218 7095
7051 7096
45172 7097
5818 7098
38 7099
1083 71
298482 710
1221 7102
3551 7105
58365 7106
3177 7107
2248 7108
35590 7109
46557 711
291 7110
4785 7111
1267 7112
33 7113
3240 7115
983 7117
53 7118
65 7119
2515 712
210 7120
1093 7121
38 7124
165 7126
51167 7128
244 7129
53736 7130
119 7131
78 7132
2 7133
177 7134
101 7135
1359 7136
112 7138
380 714
47 7140
1238 7141
9524 7142
2765 7143
34033 7145
933 7146
16472 7147
195 7148
12190 7149
248199 715
62752 7150
4188 7152
1130 7153
2546 7154
2955 7155
424 7156
2139 7157
6710 7158
18216 7159
50719 7160
56383 7161
6355 7162
981 7164
5104 7165
6660 7166
760 7168
965 7169
1510 7170
16003 7171
55095 7172
887 7173
6105 7174
1031 7175
692651 7177
572 7178
1852 7179
137149 718
2637 7180
5786 7181
2657 7183
2360 7185
16459 7186
427 7187
56 7188
10670 7189
115 7191
2214 7192
246 7193
687 7194
446 7195
11770 7196
2086 7197
3058 7198
112 7199
229 72
757 7200
39998 7201
151 7202
207 7203
489 7204
5 7205
231 7206
2569 7207
533 7208
14 7211
18579 7212
12776 7213
21823 7214
852 7215
4930 7216
1986 7217
9066 7218
19625 7219
6745 7220
19315 7221
15351 7222
9969 7223
557 7224
1550 7225
11559 7226
1838 7227
14262 7228
4723 7229
40 723
16944 7230
178272 7231
752 7233
473 7234
9833 7235
25124 7236
1599 7237
20895 7238
1117 7239
1187 7240
26512 7241
1257 7242
100040 7245
2863 7247
56800 7248
1735536 725
195 7250
69 7251
2060 7252
110 7253
28 7254
69 7256
170 7257
82 7258
43 7259
4570 726
10 7260
34 7261
2864 7263
216 7265
407 7266
3226 7267
132 7268
59 7269
87585 727
389 7270
1296 7271
37 7273
1614 7274
1511 7279
8 728
3781 7280
5 7281
1389 7282
531 7283
546 7284
4988 7286
557 7287
299 7288
307 7289
1558 7290
922 7291
225 7292
4801 7293
798 7294
426 7295
2806 7296
756 7297
739 7298
952 7299
1851 73
796 7300
21710 7302
462 7303
6747 7305
268 7306
638 7307
382 7308
383 7309
11192 731
364 7310
596 7311
371 7312
213 7313
478 7314
491 7315
521 7316
1084 7317
981 7318
973 7319
286 7320
96 7322
12818 7323
712 7324
3166 7325
1452 7327
521 7328
28 733
771 7332
932 7333
2178 7334
983 7335
1037 7336
6043 7338
203347 734
7447 7340
17899 7341
4790 7342
762 7343
47 7344
1686 7345
342 7346
1121 7347
653 7348
260 7349
1970 7350
35748 7352
67 7353
1498 7354
2915 7355
63 7356
312 7357
994 7358
528 7359
210 7360
1502 7361
104 7363
2633 7364
52 7365
522 7366
3577 7367
782 7368
81864 737
1506 7371
1103 7372
6700 7373
57 7374
716 7375
451 7376
674 7377
137 738
756 7380
1175 7381
46 7382
5710 7383
638 7385
555 7386
812 7387
6 7390
2931 7391
1997 7392
1757 7394
39932 7395
4268 7396
29 7398
127 74
780 7400
274 7401
7387 7402
1097 7403
9 7407
212 7408
91 7409
881 7410
126 7411
648 7412
50 7413
760 7414
4805 7415
669 7416
28 7419
537 7420
4545 7422
1674 7423
2384 7424
2598 7425
172 743
21785 7430
2911 7431
605 7435
209 7436
108 7437
1581 7438
25235 7439
38 744
850 7440
1492 7441
5406 7442
4918 7444
26737 7445
78 7446
22711 7447
1193163 7448
9644 7449
139 745
14287 7450
18114 7451
55440 7452
7787 7453
93581 7457
1 746
7186 7461
11626 7462
45480 7463
13170 7464
390 7465
24548 7470
874 7471
11 7472
3826 7473
4110 7474
72478 7475
77 7476
7527 7477
631 7478
1999 7479
1616 7480
5947 7482
12983 7483
11465 7484
118162 7485
247 7486
113 7487
8428 7488
31738 7489
2224 7490
2531 7491
6773 7492
20148 7493
9750 7496
5206 7497
384 7498
10780 75
3364 7500
37 7501
112468 7504
7 7505
48 7507
3 7508
698 7509
115 7510
3 7511
229 7512
20 7513
2398 7514
19733 7515
41416 7516
3 7517
540 7520
291 7521
3945 7522
36 7523
340 7524
140 7525
539 7526
14120 7527
110 7529
51 7530
7 7531
418 7532
22 7533
4027 7534
996 7536
736 7537
83 7538
576 7539
1743 7540
1109 7542
16138 7543
117 7544
72 7545
985 7546
3 7547
504 7548
12503 7549
79 7550
911 7551
8285 7552
591 7553
39 7556
1070 7557
248 7558
20 7559
42956 756
17 7560
355 7562
420 7563
556 7564
627 7565
566 7566
236 7567
606 7568
56 757
843 7572
918 7573
702 7574
252 7575
523 7576
1099 7577
51 7578
24 7579
1351 758
10 7580
12898 7581
10 7582
20776 7583
53536 7584
1726 7585
1983 7586
202 7587
3301 7589
13164 759
2768 7590
2941 7591
28298 7592
9563 7593
36 7594
192 7595
1587 7596
2783 7597
32 7598
13830 7599
3 76
5286 760
4755 7600
423 7604
40 7605
80 7607
7 7608
3964 7609
159641 761
1156 7610
10 7612
333 7613
82 7614
1326 7616
363 7617
1320 7618
8222 762
5103 7621
103114 7622
19464 7623
4123 7624
928233 7625
1244 7626
149 7627
60916 7628
12216 7629
106123 763
4310 7630
1258 7631
183 7632
682 7633
131 7634
2577 7635
766 7636
59 7637
51154 7638
28467 7639
4302 764
4463 7640
8692 7641
135 7643
8009 7644
31190 7645
5513 7646
1975 7647
3347 7648
399 7649
94893 765
11782 7650
1591 7651
1584 7653
31170 7654
36028 7656
111255 766
2462 7660
261 7661
2720 7662
17 7663
160 7664
256 7665
3846 7666
94 7668
307680 767
2503 7670
47 7671
931 7672
9771 7673
695 7675
1119 7676
112 7677
30 7678
2714 7679
202238 768
4527 7680
3787 7683
103559 7685
4468 7686
1743 7687
8777 7688
218 7689
170341 769
815 7691
7928 7692
1233 7693
28089 7696
13340 77
31146 770
1866 7702
237 7704
363939 7705
7445 7706
155751 7707
191286 7708
7535 7709
156055 771
44 7713
248 7716
39 7717
122154 7718
696 7719
37921 772
186 7720
3 7722
402 7723
60350 7725
12272 7726
8 7727
1290 7728
1 7729
52925 773
2734 7730
335 7731
150 7732
4539 7733
51140 7735
241 7736
88222 774
1109 7741
1009 7742
2960 7743
149 7744
2747 7746
408 7747
574 7748
11 7749
475521 775
207 7750
5 7751
359 7752
569 7753
4699 7754
1490 7755
1 7756
51 7757
1 7758
205068 776
58 7760
142 7761
380 7762
61294 7763
9 7764
228 7765
17249 7767
12940 7768
113 7769
14378 777
28008 7770
202226 7771
371 7772
2 7773
7440 7774
10225 7775
182192 7776
5877 7777
2073 7779
116999 778
820 7781
2681 7782
14056 7783
9535 7784
4 7785
20482 7786
14483 7787
1438 7789
14709 779
30202 7790
20992 7791
2708 7792
385 7793
61 7794
222 7795
81 7796
4682 7797
3918 7798
2896 7799
92 78
37136 7800
7692 7801
7282 7802
194508 7803
24259 7804
51655 7805
15604 7806
26763 7807
2295 7808
51298 7809
86597 781
2818 7810
6459 7811
10264 7812
506 7813
6319 7814
9153 7816
6304 7818
128 7819
21550 782
251 7820
659 7821
251 7822
351 7823
6133 7824
13513 7825
92 7826
6324 7827
83 7828
29009 7829
2677073 783
174 7830
744 7831
858 7832
10777 7833
291 7834
251 7835
41 7836
1896 7837
89 7838
91 7839
194 784
206 7840
3 7841
101 7842
903 7843
14492 7845
4556 7846
4791 7847
9024 7848
6470 7849
138427 785
20197 7850
12995 7851
310 7852
6349 7854
37159 7856
698 7857
84 7858
32 7859
121650 786
370 7862
31 7863
579 7864
75 7865
221620 7866
22 7867
5451 787
4716 7870
24343 7871
21136 7872
458 7873
8323 7876
5433 7877
2449 7879
122441 788
5220 7880
41412 7881
5885 7887
37838 7888
329012 789
4266 7891
4368 7892
15438 7893
542789 7894
2420 7896
12249 7897
6235 7898
7828 7899
302 79
445400 790
1332 7901
549 7903
3737 7904
78265 7905
1765 7906
4247 7907
503 7908
104 7909
6757 791
98 7910
75 7912
1799 7914
2596 7915
1305 7916
9456 7918
9526 7919
703 792
630 7920
76 7921
1089 7922
8699 7923
2987 7924
2133 7925
109 7926
3712 7927
644 7928
3948 793
823 7930
17 7931
7 7932
9258 7933
75362 7935
242 7936
13732 7937
2897 7938
2338 7939
61178 794
3630 7940
9119 7941
182 7942
14592 7943
359 7944
9829 7945
199 7946
3952 7947
40 7949
28982 795
1452 7951
154202 7952
4815 7953
1295 7954
9062 7955
34 7957
1327 7958
107 7959
37894 796
101 7961
2104 7962
27842 7963
41110 7965
1025 7966
177 7968
1321 7969
13159 797
27156 7970
208377 7971
2576 7972
7171 7973
16015 7974
7358 7975
6252 7977
10409 7978
2127 7979
145 798
9956 7980
1432 7981
551 7982
46345 7983
15250 7984
1151 7985
2738 7986
2028 7987
552 7988
4590 7989
34674 799
81 7990
7444 7993
9 7994
2163 7996
32 7997
10343 7998
3296 7999
7821280 8
1189 80
410 800
3937 8000
3623 8003
639 8004
227 8005
2012 8006
271 8007
587 8008
1478 8009
330 801
170 8010
1100 8011
46 8013
613 8014
3277 8015
256 8016
300 8019
71449 802
728 8020
3119 8021
235 8022
14829 8026
6706 8029
61 8030
17 8032
317 8034
8 8037
3 8038
18 804
23 8040
16 8041
6 8042
2 8043
3 8044
12760 8045
19243 8047
11 8048
410 8049
22 805
10 8051
24592 8055
83 8056
2 8057
3141 8058
16321 8059
35838 806
1829 8060
5692 8061
116 8062
5723 8063
21032 8064
67921 8065
7272 8067
7145 8068
198 8069
1076 807
228 8071
8618 8072
269 8073
1176916 8074
84664 8075
11825 8076
4862 8077
28049 8078
5886 8079
118 808
8513 8080
5683 8082
216 8084
48 8085
695 8086
736 8087
426 8088
420 809
416 8090
2081 8091
5319 8092
1842 8097
61 8098
2091 81
1028 810
2857 8100
948 8101
267 8102
58 8103
1089 8104
244 8105
2 8106
382 8107
6564 8109
752 811
12893 8111
1500 8112
52 8114
224 8116
266 8117
539 8118
1041 8119
169 812
3157 8120
475 8121
1408 8122
1327 8123
487 8124
88589 8125
506 8126
608 8127
13179 8129
18 813
3465 8130
1946 8131
12688 8133
530 8136
9732 8137
132 8138
110 814
86 8140
193 8141
25463 8142
54179 8143
342751 8144
837 8145
71 8146
12 8147
6203 8148
112997 815
314 8150
125 8151
26974 8152
63 8153
1942 8154
3451 8156
3095 8157
8233 8158
14823 8159
20546 816
18993 8160
1874 8162
6589 8163
46009 8164
219 8167
1696 817
4089 8172
234 8173
1724 8174
307 8175
1300 8176
109 8177
7126 8178
79564 818
3019 8181
31931 8182
4554 8184
13414 8185
3151 8187
49 8189
254125 819
2789 8190
83 8191
21587 8192
608 8193
411 8194
59 8195
463 8198
3980 82
7413 820
2273 8201
638 8202
620 8203
92 8204
1570 8205
556 8206
594 8207
288 8209
57165 821
53760 8210
8069 8211
1606 8212
294 8214
1110 8215
3 8216
251 8217
246622 822
69 8220
462 8221
44 8222
6 8224
226 8225
10873 8226
2525 8227
20988 823
2408 8230
1376 8231
1641 8232
11171 8238
10381 8239
6750 824
69 8241
2587 8242
404 8244
12191 8246
38365 8247
3151 825
76 8252
141386 8254
110 8255
14206 8256
1267 8257
860 8259
619 826
149 8260
786 8261
310 8262
3516 8263
6503 8264
65 8265
62856 8267
989 8269
290 827
37516 8270
30 8271
7247 8272
955 8273
2977 8274
440 8275
2 8277
4076 8279
1583 8280
98 8282
341 8283
710 8284
842 8285
7350 8287
1429 8288
1469846 829
1888 8290
1139 8291
64 8292
59100 8293
865 8294
43 8296
80702 8299
888622 830
9289 8300
6787 8302
2264 8303
10 8305
14417 8306
333 8307
3 8308
17091 8309
1612099 831
516 8310
104 8311
17333 8312
200 8313
574 8314
1384 8315
297 8316
1739 8317
112 8318
7428253 832
245 8320
743 8321
11283 8322
921 8323
14359 8325
1058 8326
79383 8327
1933 8328
28 8329
62663 833
1287 8331
1914 8332
7904 8333
417 8334
6853 8335
18429 8336
1221 8337
5707 8338
2190 8339
1502950 834
104 8340
10036 8342
9482 8343
31534 8344
17363 8345
66136 8346
651899 835
5803 8351
1152 8352
22759 8353
4069 8354
28059 8355
2933 8356
5318 8357
1248 8358
658841 836
927 8360
662 8361
27224 8362
5020 8363
2037 8364
4452 8365
76 8366
1569 8369
2228425 837
109780 8371
190 8374
6983 8375
3757 8376
19519 8377
404 8378
141 8379
20937 8382
14562 8383
4281 8384
16285 8385
1535 8386
30 8387
41087 8390
6479 8393
664 8394
302 8395
15948 8396
35482 8398
9719 8399
2716 84
28233 840
4902 8400
2090 8401
203 8402
1417 8403
1 8404
575 8405
456 8406
74 8407
256 8408
1201 8409
10125424 841
3600 8410
398 8411
106 8413
4113 8414
3625 8415
4631 8416
242 8417
3073 8418
325709 842
464 8420
921 8425
3922 8428
5492 8429
349501 843
55641 8430
12803 8431
1341 8432
17814 8433
327993 8434
29486 8435
308 8436
22 8437
192168 8439
4549620 844
160 8440
20838 8441
59 8442
42516 8443
944 8444
713 8445
32318 8447
3183 8448
6181 8449
3450924 845
8440 8450
23807 8452
23724 8453
6222 8454
6026 8455
5460 8456
1504 8457
1786 8458
4726 8459
45771 846
5986 8460
46301 8461
3792 8463
6106 8464
1901 8465
11776 8466
64682 847
33 8472
736 8473
2304 8474
11418 8476
16149 8477
3032 8478
3015 8479
74493 848
4374 8480
27888 8482
105 8483
1329 8484
1148 8485
400 8486
4526 8487
1726 8488
23168 8489
50884 849
1257 8490
1144 8491
4486 8493
35230 8494
14179 8495
14804 8496
458 8497
23931 8498
49 8499
11974 85
381 850
1177 8502
3593 8504
2604 8505
24514 8508
628 8509
120888 851
29888 8510
15051 8511
733 8512
13970 8513
2148 8514
9190 8515
22833 8516
46028 8518
3406 8519
124458 852
3650 8520
2892 8521
12640 8522
974 8523
3843 8524
151 8525
5701 8526
37 8529
29347 8531
1761 8533
1272 8537
28777 8538
101872 854
32154 8541
462 8542
25947 8543
11663 8544
1419 8545
855 8546
4704 8547
1386 8549
61580 855
513 8550
2050 8551
4 8552
138 8553
849 8554
5570 8555
1031 8556
867 8557
5864 8559
103267 856
92364 8561
2220 8562
6281 8563
30 8565
110473 8566
91 8568
35225 8569
604 8570
804 8571
36078 8573
2143 8574
12757 8575
179 8577
5792 8578
61762 8579
101001 858
4396 8580
1801 8581
2253 8582
15922 8584
58291 8585
275 8586
16870 8589
3040713 859
2204 8591
1362 8592
18244 8594
55096 8595
3010 8596
7166 8598
6627 86
130430 860
426 8602
12 8603
34616 8604
1173 8605
1058 8606
256 8608
31668 8609
131349 861
124 8610
4739 8611
160 8613
9408 862
714 8620
68 8621
3008 8622
388 8624
1801 8625
4 8626
2230 8627
273 8628
934 8629
272505 863
2890 8630
14057 8632
130 8633
8168 8634
7015 8635
58313 8637
59957 864
1245 8640
217 8643
263 8644
712 8645
15963 8646
11439 8647
2348 8648
2023 8649
23090 865
5337 8650
1331 8651
354 8652
7745 8653
1515 8654
3414 8656
560 8658
121 8659
86221 866
1349 8660
784 8661
1029 8662
65 8663
288 8664
2834 8665
921 8667
76 8668
10861 867
198 8670
1593 8673
20391 8676
53846 8677
6793 8678
1284 8679
145166 868
12636 8680
1565 8681
3153 8682
1001 8683
4735 8684
15240 8685
93 8686
12363 8689
115016 869
195 8690
106 8691
2724 8693
3853 8695
9015 8696
2255 8697
417 8698
1130 87
116210 870
876 8700
1 8702
84 8704
6059 8705
436 8707
963 8708
1660 8709
44782 871
67882 8710
5899 8711
6487 8712
124 8713
2753 8714
395 8715
924 8716
206 8717
7817 8718
8811 8719
2498 872
1227 8722
1056 8723
775 8724
4005 8726
2555 8727
67836 8728
147 8729
77186 873
101858 8730
1396 8732
2790 8733
607 8734
1636 8736
45139 8737
962 8738
930 8739
2155 874
87 8740
1704 8741
304 8742
8898 8743
525 8744
1503 8745
115 8746
3443 8749
95904 875
189 8752
4207 8753
575 8754
6493 8755
2030 8756
3599 8757
2854 8758
1327 8759
1622 876
55203 8761
108 8762
103 8763
1541 8764
1852 8765
16 8766
8829 8768
1161 8769
2089 877
12724 8770
4372 8771
596 8772
1267 8773
4319 8774
196 8775
1120 8776
177 8778
8226 8779
1384 878
499 8780
402 8781
325 8782
315 8783
8861 8784
1606 8785
138 8787
684 8788
1198 8789
77 879
85542 8790
647 8791
1451 8792
126 8793
22 8794
806 8795
1504 8796
147 8797
10165 8798
340 8799
446 88
42 880
8845 8800
4335 8802
477 8803
3742 8804
820 8805
521 8806
4193 8807
3158 8808
9 8809
47185 881
1267 8810
26 8811
7 8812
1135 8813
2882 8815
1186 8816
573 8817
7089 8819
842 882
1304 8820
2736 8821
3 8823
101661 8824
1 8825
5194 8826
63 8827
222 8828
2027 8829
6693 883
1545 8830
9560 8831
14869 8832
353 8834
6800 8835
19 8836
132 8837
9 8838
19847 884
160 8840
1881 8843
20632 8844
67 8845
39 8846
9 8847
1292 8848
32 8849
62 885
82 8850
603 8852
64265 8853
33389 8855
218 8856
1273 8857
313 8858
2366 8859
7668 886
211 8860
14848 8863
2576 8864
4004 8865
1343 8868
1054 887
3 8870
1517 8872
1194 8873
1410 8875
944 8877
1201 8879
238 888
10690 8880
2130 8881
4891 8882
157 8883
113 8885
10 8886
59 8887
10 8888
14 8889
56 889
10485 8891
1928 8895
44738 8896
1528 8897
1487 8899
1665 89
76 890
541 8900
30686 8901
17854 8903
306 8906
3849 8909
87532 891
21332 8910
7784 8911
400 8912
140419 8914
16550 8915
2159 8916
31 8917
716463 8918
31832 8919
812 892
2264 8920
922 8921
2763 8922
1810 8923
308 8924
228 8925
4813 8926
73 8927
635 8929
10454 893
1178 8930
319 8931
25 8932
37 8935
352 8936
1244 8937
1969 8938
1130 8939
45034 894
1552 8940
2476 8941
89 8942
17022 8943
337 8945
30378 8946
2538 8948
3319 8949
6330 895
3 8950
760 8952
2664 8954
3191 8955
6608 8957
1591 896
1096 8960
4923 8961
5788 8965
12131 8967
84 8969
63119 897
38 8970
15616 8972
1032 8973
54081 8974
26 8975
34 8976
20 8977
2019 8980
619 8981
618 8982
2074 8983
632 8984
300 8985
23 8987
6 899
265 8990
4 8991
1 8992
1602 8993
1 8995
2 8996
3921 8997
11343 8998
2113387 9
2477 90
23 900
5409 9000
12293 9002
820 9003
3819 9004
218 9005
29 9007
233675 9008
32785 9009
6 901
213 9010
163 9012
1361 9013
171 9014
4301 9015
43174 9016
22 9017
2761 9018
1625 9019
3686 9020
23 9021
582 9022
72 9023
51007 9024
3238 9025
195897 9027
3902 9028
14510 9029
19045 903
135 9031
789 9032
32343 9033
9476 9034
449 9035
595 9036
872 9037
1025 9038
19812 9039
3598 904
17 9040
894 9041
1186 9043
944 9045
881 9046
1852 9047
195 9049
1455 905
23 9051
3937 9052
54403 9053
3144 9057
1122 9058
10140 906
632 9060
279 9061
36 9062
2411 9063
352 9065
37 9066
620 9069
16 907
2 9071
2 9072
14129 9076
8417 9077
6 9078
3 9079
8 908
1 9080
5 9081
1 9084
1 9088
4 9093
22 9097
3550 91
557 910
5454 911
4876 9112
39468 9113
1989 9114
42687 9116
3475 9117
12127 9118
240 9119
117672 912
159 9120
2021 9121
24295 9122
5819 9123
1118 9127
28709 913
382 9132
168 9133
20591 9134
3 9136
2247 9138
233 9139
3867 914
2 9140
3091 9141
29 9142
11 9143
124 9144
21896 9146
781 9147
3068 9148
96 915
31082 9150
5 9151
5 9152
1 9154
11 9156
10 9159
2021 916
1 9162
2 9166
1130 9167
785 9168
183533 9169
7908 917
11570 9170
113712 9171
9011 9172
510 9173
19201 9174
92 9175
906 9176
568 9177
163697 9178
235 9179
65 918
798 9180
44668 9181
8389 9182
86585 9183
1660 9185
7407 9186
2896 9187
391 9189
3751 919
534 9190
3095 9191
557 9192
363 9195
639 9196
21981 9197
146 9199
6 92
2190 920
16113 9201
141 9202
8694 9204
4190 9206
6835 9207
118 9208
1103 9209
302 921
1956 9210
59244 9211
226 9213
4505 9216
347 9217
1422 9218
7531 9219
10851 922
2665 9220
10205 9221
19569 9223
576 9224
5970 9225
388 9226
13 9227
1373 9228
4520 9229
91 923
36889 9230
419 9231
582 9232
1588 9233
532 9234
1568 9235
31 9236
4520 9237
45 9238
570 924
234 9243
418 9244
9656 9245
1309 9246
636 9247
256 9248
2380 9249
131 925
2559 9250
5162 9251
3144 9253
244 9254
3817 9255
3906 9256
365 9257
188 9258
25648 9259
107 926
187 9260
1116 9261
1027 9262
40 9263
1486 9264
368 9265
405 9266
1549 9267
80033 9268
1488 9269
42 927
447 9270
13314 9271
3613 9272
371 9273
2793 9274
6360 9275
3751 9276
12394 9277
34130 9278
1031 9279
147 928
575 9280
732 9281
457 9282
930 9283
901 9285
86 9286
195 9288
20 929
4897 9291
861 9292
272 9293
96 9294
1618 9295
2567 9298
237 9299
7820 93
37 930
6879 9300
2407 9304
400 9305
8396 9308
865 9309
879 931
51 9311
74878 9312
854 9315
33 9316
2332 9317
12871 9318
33798 9319
60306 932
3121 9320
36209 9321
70 9322
4047 9323
3813 9324
1367 9325
27 9326
1967 9327
15007 9328
418 9329
10383 9330
3143 9331
19826 9332
6240 9333
1407 9334
8919 9335
156 9336
2102 9337
1033 9338
1287 9339
3056 934
2763 9340
2736 9341
587 9342
411 9343
4 9344
1217 9347
620 9348
167 9349
123494 935
456 9350
5562 9351
1563 9352
1113 9353
1291 9354
506 9355
3811 9356
14 9357
1753 9358
7348 9359
52 936
28669 9360
1911 9361
2945 9362
815 9363
371 9364
336509 9365
384011 9366
35522 9367
11773 9368
548 9369
33236 937
7864 9370
5043 9371
49160 9372
95011 9373
1045 9374
2253 9375
607 9376
22514 9377
60 9378
21822 9379
168 9380
597 9381
1350 9382
6987 9383
63 9384
20584 9385
204 9386
907 9387
1366 9389
6447 939
1272 9390
1282 9392
2349 9393
479 9394
605 9395
838 9396
1138 9397
2349 9398
9510 94
369 940
4226 9400
1469 9401
31188 9403
43 9404
116979 9405
892 9406
14148 9407
16 9408
25900 9409
1327 941
29 9411
3331 9412
328 9413
48 9414
329 9415
25671 9416
37124 9417
7550 9419
9457 942
1198 9420
4782 9421
21971 9422
72 9423
1053 9424
78 9425
181 9427
3 9428
934 9429
3925 943
26 9430
312 9431
1 9432
2407 9433
1 9434
4 9435
1251 9436
172 9437
259 9439
1418 944
1091 9440
20 9442
171 9444
440 9445
110 9446
26367 9447
8511 9448
856 9449
8813 945
1422 9450
101 9451
25 9452
4575 9453
7727 946
1107 9460
64 9461
318 9462
552 9463
220 9464
207 9465
411 9466
6439 9467
4396 9468
3667 9469
6123 947
5449 9470
1322 9471
84 9472
406 9473
128 9475
4670 9476
233 9477
3749 9478
99782 9479
17 948
623 9480
174 9481
463514 9482
270 9483
349 9484
2149 9485
1123 9486
2255 9488
5871 9489
112 9490
28883 9491
6967 9492
349 9493
330 9495
2451 9496
517 9497
4810 9498
48 9499
7858 95
4118 950
35 9500
2712 9501
1082 9502
2139 9503
317 9504
621 9506
999 9507
34 9508
3588 951
56 9510
396 9511
310 9512
2190 9513
721 9514
114 9515
317 9516
71911 9517
420 9518
375 9519
390 952
313 9520
30972 9521
361 9522
211 9523
380 9524
1514 9525
50929 9526
285 9527
126 9528
3381 953
612 9530
337 9531
125 9532
36 9533
303 9534
236 9535
4808 9537
736 9538
2529 9539
20 954
768 9540
2265 9541
49384 9542
180 9543
499 9544
530 9545
11153 9546
21658 9548
3967 955
1903 9550
908 9551
1177 9552
1065 9553
60 9554
505 9555
718 9556
14675 9557
827 9558
1593 9559
3035 956
35 9560
1900 9561
913 9563
83 9564
567 9565
39 9566
1200 9567
2706 9568
2 9569
465 957
11 9570
3886 9571
861 9572
600 9573
25653 9574
4115 9575
3 9576
20628 9577
2231 9578
1139 9579
4606 958
119 9580
3696 9581
5250 9582
1798 9585
31076 9586
243 9587
28452 9589
3853 959
921 9591
690 9593
439 9594
20147 9595
123 9596
21 9597
66 9599
579 96
443 960
6618 9600
13589 9601
51691 9602
1123 9603
379 9604
6234 9605
293 9606
10 9607
34677 9609
13125 961
42300 9610
363010 9611
1067 9616
2181 9618
380 962
26 9621
600 9622
33 9623
665 9624
6 9626
2038 9627
7399 9628
35102 9629
2296 963
3173 9631
1866 9632
1398 9633
40403 9634
8084 9635
2479 9637
3589 9638
178 9639
45 964
255 9640
57 9642
116 9643
16 9644
45 9645
154 9646
7368 9648
2165 9649
3583 965
148 9651
139 9652
769 9654
14299 9655
216 9656
16476 9657
430 966
1331 9660
30081 9664
85 9666
242 9667
26 9668
287561 9669
1250 967
1074 9671
24884 9672
1006 9674
106 968
941 9680
2126 9683
476 9684
6916 9685
740 9687
6213 9689
117 969
743 9694
1042 9695
404 9696
579 9697
1222 9699
444 97
460 970
591 9700
582 9701
3429 9702
18392 9703
2965 9705
309 9707
9635 9708
2172 9709
807 971
713 9710
651 9711
268 9712
271 9713
747 9714
480 9716
289 9717
139 9718
439 9719
16300 972
6525 9720
30 9722
18486 9725
109 9726
146 9727
10751 9728
17596 9729
1549 9730
347 9732
823 9733
4058 9734
98 9736
1623 9737
1723 9738
33639 9739
2568 974
3231 9740
132824 9741
176 9744
1356 9747
30696 9749
19739 9755
22 9756
723 9757
588 9758
17012 9759
129 976
3674 9760
8823 9761
10 9762
7 9763
138 9764
20 9765
115 9766
1139 9768
33380 9769
36 977
4132 9770
1916 9772
7154 9773
1310 9774
3744 9775
24 9776
18554 9778
4007 9779
5454 978
19147 9780
44321 9781
177197 9782
117 9785
1384 9787
5 9788
257 9789
440 9790
31 9791
135 9792
650 9796
58 9797
33 9798
6 9799
628 98
459 980
25 9800
1098 9801
756 9802
9 9803
795 9804
759 9805
103 9807
177228 9808
29930 9809
2816 981
16121 9811
1 9814
73 9815
3183 9817
884 982
2404 9823
128 9825
928 9829
4164 983
588 9830
3529 9831
4242 9832
4685 9833
260 9835
166 9836
334 9838
1288 9839
7370 984
402 9840
370 9841
163 9842
137 9843
89 9844
330 9845
6133 9846
214 9847
2466 9848
209 9849
1518 985
609 9850
331 9851
573 9852
869 9854
75 9855
1482 9856
838 9857
450 9858
149 9859
5271 986
43 9861
534 9862
12322 9863
736 9864
7705 9865
159 9866
3529 9867
1323 9868
420 9870
50167 9871
1460 9872
2067 9873
241 9874
1804 9875
350 9876
242 9877
162 9878
82 9879
4558 988
99 9880
92 9881
85 9882
73 9883
68 9884
381 9885
97 9886
54 9887
117 9889
28576 989
236 9890
130 9891
330 9892
86 9893
14175 9895
785 9896
8564 9897
902 9898
357 9899
550 990
17027 9903
1150149 9904
382035 9905
842 9906
864 9907
239 9909
30 991
4183 9910
461 9912
29135 9914
1142 9915
13 9917
2 9918
5325 9919
490 9924
30095 9925
464 9929
31 993
66 9930
1279 9931
1065 9932
485 9935
28 9936
600 9939
267 994
375 9940
696 9941
79 9942
105 9944
479 9945
71 9946
45 9947
400 9949
25 995
99 9951
2323 9952
156 9953
410 9954
312 9955
34 9956
634 9957
1354 9958
318 9959
9 996
235 9961
156 9962
1852 9963
466 9964
37 9965
451 9967
210 9968
4518 9969
7 997
866 9970
2337 9971
2129 9972
140 9973
130 9974
145 9978
25 9979
7603 998
1558 9980
151 9981
69 9982
782 9983
327 9984
403 9985
179 9986
383 9987
36 9988
43 9989
20698 999
271 9990
1012 9991
98 9992
195 9993
8 9994
153 9996
240 9997
